gene_id	Aphrocallistes_vastus	Oopsacas_minuta	Hyalonema_populiferum	Rosella_fibulata	Sympagella_nux	Euplectella_aspergillum	Amphidiscella_abyssalis	Aulocalyx_serialis	Bolosoma_cyanae	Caulophacus_discohexaster	Chaunoplectella_sp	Corbitella_sp	Eurete_sp	Farrea_occa	Farrea_similaris	Lanuginellinae_sp	Regadrella_okinoseana	Saccocalyx_tetractinus	Trychella_sp	Walteria_leuckarti	Amphimedon_queenslandica	Ephydatia_muelleri
5951at33208	1	1	0.01	1	1	0.01	0.01	100	1	1	1	0.01	1	1	0.01	1	1	1	1	1	1	1
9639at33208	1	1	0.01	100	100	0.01	0.01	1	100	1	0.01	0.01	1	1	0.01	1	1	1	1	0.01	1	100
13816at33208	1	1	0	0.01	0.01	0.01	0.01	1	1	0.01	0.01	0.01	1	1	0	1	1	0.01	0.01	0.01	1	1
14776at33208	0	0	0	0	0	0	0	0	0	0	0	0	0	0	0	0	0	0	0	0	1	100
16244at33208	1	1	0	0	0.01	0	0.01	0.01	0.01	0.01	0.01	0.01	1	1	0	0.01	1	0	1	0.01	1	1
40200at33208	0	0	0	0	0	0	0	0	0	0	0	0	0	0	0	0	0	0	0	0	1	1
45934at33208	1	1	0	100	0.01	0	0.01	1	1	1	1	0.01	1	1	0.01	1	1	0.01	1	0.01	1	1
49474at33208	1	1	0	1	1	0.01	0.01	1	1	1	1	0.01	1	1	0.01	0.01	1	0.01	1	1	1	1
50756at33208	1	1	0	0	1	0	0.01	1	1	1	1	0	0.01	1	0	1	1	0	1	0	1	1
56573at33208	1	1	0	1	0.01	0	0.01	1	1	1	1	0	1	1	0	1	1	0.01	1	0.01	1	0.01
57158at33208	1	1	1	0.01	1	0.01	0	0.01	0.01	1	1	0	1	1	0	1	1	0.01	1	0.01	1	100
63697at33208	1	0.01	0.01	1	1	0.01	0.01	0.01	1	1	1	0.01	0.01	1	0.01	1	1	1	0.01	0.01	1	100
64435at33208	0	0	0	0	0	0	0	0.01	0	0	0	0	0	0	0	0	0	0	0	0	1	100
65302at33208	1	1	0	0	0	0	0	0	0	0	0	0	1	1	0	0	0	0	0	0	1	0
66018at33208	1	1	0.01	0	0.01	0	0.01	1	0.01	0.01	1	0.01	1	0.01	0	0.01	1	0.01	1	0.01	1	1
75406at33208	1	1	0	1	1	0	0	1	100	1	1	0.01	1	1	0.01	1	1	1	1	1	1	1
76852at33208	1	1	0	0	0.01	0	0	0.01	0.01	0.01	0.01	0	1	1	0	1	1	0	0.01	0	1	100
84980at33208	1	1	0.01	100	1	0	0.01	1	1	1	1	0	1	1	0	1	1	0.01	1	0.01	1	0
88053at33208	1	1	0	1	1	0.01	0.01	1	0.01	1	1	0.01	1	1	0	0.01	1	0.01	1	1	1	1
92367at33208	1	0	0	0	0	0	0	0	0	1	0	0	1	1	0	0	1	0	0	0	1	1
99614at33208	1	1	0	1	100	0	0.01	1	1	100	1	0	1	1	0.01	1	1	1	100	1	1	1
99987at33208	1	0.01	0	0	1	0	0.01	0.01	1	0	1	0	0.01	1	0	1	1	1	0.01	0.01	1	1
102804at33208	1	0.01	0.01	0	100	0	0.01	1	1	1	0.01	0.01	100	1	0.01	1	1	0.01	1	0.01	1	1
103854at33208	1	1	0	1	0.01	0	0.01	1	1	1	0.01	0	1	1	0	1	1	0.01	1	1	1	1
107151at33208	1	1	0	1	1	0	0.01	1	0.01	1	1	0	1	100	0	1	1	0.01	1	0.01	1	1
107574at33208	1	1	0.01	0	0	0	0.01	1	1	1	1	0	1	1	0	1	1	0.01	1	1	1	1
108764at33208	0	0	0	0	0	0	0	0	0	0	0	0	0	0	0	0	0	0	0	0	1	1
109109at33208	1	1	0	0.01	1	0.01	0.01	1	0.01	1	0.01	0.01	1	1	0.01	0.01	100	100	1	100	1	1
111730at33208	1	0	0	0	100	1	0.01	1	1	0.01	1	1	0	1	0	0.01	1	1	1	1	1	1
111746at33208	0	1	0	0	0	0	0	0	0	0	0	0	0	0	0	0	1	0	0	0	1	1
114954at33208	0	0	0	0	0	0	0	0	0	0	0	0	0	0	0	0	0	0	0	0	0.01	0
115878at33208	1	1	0	0	0.01	1	0.01	100	100	0.01	1	0.01	100	100	0	0.01	1	0.01	100	100	1	100
118209at33208	1	1	0.01	1	1	0.01	1	1	1	1	100	0.01	1	1	0.01	1	1	1	1	1	1	1
119252at33208	1	1	0.01	1	100	0.01	0.01	1	1	1	1	0	1	1	0.01	0.01	1	0.01	1	1	1	1
119591at33208	1	1	0	0.01	100	0	0.01	1	0	0.01	1	0	0.01	1	0	0.01	1	0.01	0.01	0.01	1	1
121127at33208	0	0	0	0	0	0	0	0	0	0	0	0	0	0	0	0	0	0	0	0	1	0
123923at33208	1	1	0	0	0	0	0	0	0	1	0.01	0	1	1	0	0.01	1	0	0.01	0	1	1
124302at33208	1	1	0.01	1	0.01	0	0.01	1	0.01	1	1	0	1	1	0	1	1	0.01	0.01	0.01	1	0
127766at33208	1	1	0	0.01	100	0	0	1	0.01	1	1	0	1	1	0	1	1	0.01	1	1	1	100
129179at33208	1	1	0.01	1	1	0.01	0.01	1	1	1	100	0.01	1	1	0.01	1	1	1	1	1	1	1
130245at33208	1	1	0.01	1	100	0	0.01	1	1	1	100	0	1	1	0	1	1	1	1	1	1	1
130256at33208	1	1	0	0.01	0.01	0	0.01	1	0.01	1	1	0	0.01	0.01	0	0.01	1	0.01	0.01	0.01	1	1
131349at33208	1	1	0	0.01	100	0	0.01	1	1	1	1	0	1	1	0	0.01	1	0.01	1	0.01	1	1
131848at33208	1	1	0.01	1	1	0.01	1	1	1	1	0.01	0.01	1	1	0.01	1	1	0.01	1	1	1	1
132087at33208	1	1	0	1	1	0	0.01	1	1	1	1	1	1	1	0.01	1	1	1	1	100	1	1
134492at33208	1	1	0	0.01	1	0.01	0.01	1	1	1	0.01	0.01	1	1	0.01	1	1	0.01	1	0.01	1	1
135294at33208	1	1	0.01	100	100	0.01	0.01	0.01	0.01	1	0.01	0.01	1	1	0.01	1	1	1	1	0.01	1	1
137383at33208	1	1	0.01	0.01	1	0.01	0.01	1	0.01	0.01	1	0	1	1	0	1	1	0.01	1	0.01	1	1
139188at33208	1	1	0	1	0.01	0	0	1	1	1	0.01	0	1	1	0	0	1	0	1	0.01	0.01	1
143619at33208	1	1	0	100	0.01	0	0.01	1	1	1	1	0.01	1	1	0.01	1	1	0.01	1	1	1	1
143997at33208	1	1	0	0	0	0	0	100	0	100	1	0	1	1	0	1	1	1	1	1	1	100
146671at33208	1	1	0.01	0	100	0	1	0.01	1	1	1	0.01	1	1	0.01	1	1	0.01	1	1	1	100
147873at33208	1	1	0.01	1	1	0	0	1	1	1	1	0	1	1	0	1	1	0.01	1	1	100	0
148067at33208	1	1	0	1	0.01	0	0.01	1	0.01	1	1	0	1	1	0.01	1	1	0.01	1	0.01	1	1
148325at33208	1	1	0.01	1	1	1	1	1	100	1	1	0.01	1	1	0.01	1	1	1	1	1	1	100
152327at33208	1	1	0	1	1	0	0	0	0	0	1	0	0	1	0	1	0	0	0	1	1	1
152977at33208	1	1	0	1	0.01	0	0.01	1	1	1	0.01	0.01	1	1	0.01	0.01	1	0.01	1	1	1	1
153034at33208	1	1	0	0	1	0	0	0.01	0.01	1	0	0.01	1	1	0	0.01	1	0.01	0.01	0.01	1	1
157109at33208	1	1	0	100	1	0	0.01	1	0	1	1	0	1	1	0	1	1	1	1	1	1	1
157138at33208	0	0	0	0	0	0	0	0	0	0	0	0	0	0	0	0	0	0	0	0	1	1
158845at33208	1	1	1	0.01	1	0.01	0.01	1	0.01	1	1	0.01	1	1	0	1	1	0.01	1	1	1	1
158962at33208	1	1	0	0.01	0.01	0.01	0.01	1	1	1	0	0.01	1	1	0	0.01	1	0	1	0.01	1	1
162821at33208	1	1	0.01	1	100	0.01	0.01	1	1	1	1	0.01	1	1	0.01	100	1	0.01	1	1	1	100
164767at33208	1	1	0	100	0.01	0	0	0.01	0.01	0.01	0.01	0	1	1	0	0.01	1	0	0.01	0.01	1	1
166097at33208	0	0	0	0	0	0	0	0	0.01	0	0.01	0	0	0	0	0	0.01	0	0.01	0.01	0	0
168850at33208	1	1	0	100	100	1	0.01	1	1	100	1	0.01	100	100	0.01	1	1	0.01	1	100	1	1
168924at33208	1	1	0.01	1	1	0	0.01	1	1	1	1	1	1	1	0.01	1	1	1	100	1	1	0.01
169864at33208	1	1	0	0	1	0	0	1	100	1	0.01	0	1	1	0	0.01	1	0	100	0.01	1	1
172677at33208	1	1	0.01	1	0.01	0.01	1	1	1	1	100	0.01	1	1	0.01	1	1	1	1	1	1	1
176247at33208	1	1	0.01	0	1	0.01	0	1	100	0.01	1	0	1	1	0.01	0.01	1	1	1	1	1	1
177718at33208	1	1	0	1	0.01	0	0	0.01	0.01	0.01	1	0	1	1	0	0.01	1	0	0.01	0.01	100	0
177858at33208	1	1	0	1	1	0	0	1	0	1	1	0	1	1	0	1	1	0	1	1	1	1
178537at33208	1	1	0.01	1	1	0.01	0.01	1	1	1	1	0.01	1	1	0.01	1	1	1	1	0.01	1	1
179485at33208	1	1	0	100	1	1	0	1	1	1	100	0	1	1	0	1	1	1	1	1	1	1
180808at33208	1	1	0	1	100	1	0.01	1	0.01	1	1	0.01	1	1	0.01	1	1	1	1	1	1	1
182834at33208	0	1	0	0	100	0.01	0	1	1	1	1	0	1	1	0.01	1	1	0.01	1	1	0.01	1
184508at33208	1	0.01	0.01	100	100	1	1	1	1	1	100	1	1	1	1	1	100	1	1	1	1	1
184717at33208	1	1	0	1	1	1	0.01	1	1	1	1	0.01	1	1	0	0.01	100	0.01	1	1	1	100
186208at33208	1	1	0.01	1	0.01	0	0	1	0.01	0.01	1	0.01	1	1	0	0.01	1	0.01	1	0.01	1	1
186707at33208	0	1	0	1	100	0	1	1	1	1	100	1	1	1	0	1	1	1	1	1	1	1
187280at33208	1	1	0	100	1	0	0	1	0	1	1	0	1	0	0	1	1	0	0	0	1	1
189414at33208	1	1	0	1	100	0	0.01	1	1	1	0.01	0	1	100	0	1	1	0.01	1	0	0.01	1
190726at33208	1	0.01	0.01	1	1	0.01	1	1	1	1	1	1	1	1	1	1	1	1	1	100	1	1
191938at33208	1	1	0	1	100	0.01	0	0.01	1	1	1	0	1	1	0	1	1	0	1	0.01	1	1
192250at33208	1	1	0	1	100	0.01	1	1	1	1	1	1	1	1	0.01	1	1	0.01	1	0.01	1	1
194754at33208	1	1	0	1	1	0.01	1	100	1	100	100	1	1	1	0.01	100	1	1	1	1	1	0
195986at33208	1	1	0.01	1	0.01	0.01	0.01	1	1	1	1	0.01	1	1	0	1	1	1	1	1	1	1
196950at33208	1	1	0	0	1	0	0	0.01	0.01	0.01	0	0	0.01	1	0	0.01	1	0	0	0.01	1	1
197549at33208	1	1	0	1	0.01	0	0	1	1	1	1	0	0.01	0.01	0	1	1	0	1	1	1	1
197652at33208	1	1	0	0.01	1	0	0.01	1	1	1	0.01	0	1	1	0	1	1	1	1	1	100	1
200997at33208	1	1	0	1	1	0	0	1	0	1	0.01	0	1	0.01	0	1	1	0	0.01	1	1	1
201397at33208	0	0	0	0	0	0	0	0	0	0	0	0	0	0	0	0	0	0	0	0	1	0
202545at33208	0	0	0	0	0	0	0	0.01	0	0	0.01	0	0	0	0	0.01	0	0.01	0.01	0.01	1	100
203128at33208	100	1	0	0.01	1	0.01	0.01	1	1	0.01	0.01	0	100	1	0	0.01	100	0.01	1	0.01	1	100
203698at33208	0	0	0	0	0	0	0	0	0	0	0	0	0	0	0	0	0	0	0	0	1	0
205220at33208	1	1	0	1	1	0	0.01	1	1	1	1	0	1	100	0	1	1	1	100	1	100	1
206786at33208	1	1	0	1	1	0	0	1	0.01	1	1	0	100	100	0.01	1	1	0	1	1	1	1
206858at33208	0	0	0	0	0	0	0	0	0	0	0	0	0	0	0	0	0	0	0	0	1	0
207599at33208	1	1	0	100	1	0.01	1	1	1	1	1	0.01	1	1	0.01	1	1	0.01	1	1	1	1
208219at33208	1	1	0.01	1	1	0	1	100	1	100	100	0.01	1	100	1	100	100	1	1	100	0.01	1
210614at33208	1	1	0	1	1	0.01	0.01	100	1	100	1	0	1	1	0.01	1	1	1	1	1	1	1
212972at33208	1	1	0	0.01	1	0	0.01	1	0.01	1	1	0	1	100	0	1	100	0	100	1	1	1
214788at33208	1	1	0	1	1	0	0	1	0.01	1	1	0	1	1	0	1	1	0	1	1	1	0
215654at33208	1	1	0.01	1	1	1	0.01	1	1	1	1	0.01	1	1	0.01	1	1	0.01	1	1	1	1
216257at33208	1	1	0	0	1	0	0	1	1	1	1	0	1	1	0	1	1	0	1	0	1	0
216563at33208	1	1	0	1	1	1	0.01	1	1	1	1	0.01	1	1	0	1	1	1	1	1	1	1
218441at33208	1	1	0.01	1	1	0.01	0.01	1	1	1	1	0.01	1	1	0.01	1	1	1	1	1	1	100
219795at33208	1	1	0.01	1	0.01	0.01	0.01	1	0.01	1	1	0.01	1	1	0.01	1	100	0.01	0.01	1	1	1
219856at33208	1	1	0	1	1	0	0.01	1	1	1	1	0.01	1	1	1	1	1	1	1	100	1	1
222489at33208	1	0.01	0	1	1	0.01	1	1	0.01	1	1	0.01	1	1	0	1	100	0.01	1	1	1	1
223234at33208	0	0.01	0	0	0	0	0	0	0	0	0	0	0	0	0	0	0	0	0	0	1	0.01
224280at33208	1	1	1	1	1	0	0.01	1	1	1	1	0.01	1	1	0.01	1	1	1	1	1	1	0
226335at33208	1	1	0.01	1	1	0.01	1	1	1	1	1	0.01	1	1	0.01	1	100	1	1	100	1	1
226941at33208	1	1	0	1	1	0	0	1	1	1	1	0.01	1	1	0	1	100	0.01	1	1	1	1
227087at33208	1	1	0	1	1	0	0.01	1	1	1	1	0.01	1	1	0	1	1	0.01	1	1	1	0
227453at33208	1	1	0	1	0.01	0	0	1	0.01	1	1	0	0.01	1	0	1	1	0	1	100	1	100
227979at33208	1	1	0.01	1	0.01	0	1	1	0.01	1	1	0.01	1	1	0.01	0.01	1	1	1	0.01	0.01	1
231157at33208	1	1	0	1	1	0.01	0	1	1	1	1	0	100	1	0	1	100	0.01	1	1	1	0
231700at33208	0	1	0	0	0	0	0	0.01	1	0.01	1	0.01	0	0	0	0.01	1	0.01	1	0.01	1	100
234290at33208	100	1	100	1	1	1	0.01	1	1	1	1	0.01	1	1	1	1	1	1	1	100	1	1
235149at33208	1	1	0	1	1	1	0.01	1	1	100	1	0	1	1	0.01	1	1	1	1	1	1	0
235430at33208	1	1	0	1	1	0	0.01	1	1	1	1	0	1	1	0	0.01	1	0	1	1	1	1
235458at33208	1	0.01	0	0	1	0	0.01	0.01	1	1	1	0	1	1	0	1	1	0.01	1	0.01	1	100
239016at33208	1	1	0	0.01	1	0.01	0	1	1	1	1	0	1	1	0.01	1	1	0.01	1	1	0.01	1
239149at33208	0	0	0	0	0	0	0	0	0	0	0	0	0	0	0	0	0	0	0	0	0	0
239597at33208	1	0	0	0	0	0	1	1	1	1	1	0	1	1	0	1	1	1	1	100	1	1
240437at33208	1	1	0	1	1	1	1	1	1	1	100	1	1	100	0	100	1	0.01	1	0.01	1	0.01
244863at33208	1	1	0	0	0.01	0	0	0	0	0.01	0.01	0	1	1	0	100	100	0.01	0.01	0	1	100
245482at33208	1	1	0	0.01	100	1	0.01	1	1	1	100	1	1	1	0	1	1	0	1	1	100	100
245567at33208	1	1	0	0.01	1	0.01	0	1	0.01	0.01	0.01	0.01	1	1	0	0	1	0.01	0.01	0.01	1	1
246241at33208	1	0.01	0	1	1	1	1	100	1	1	1	0.01	1	1	0.01	1	1	1	1	1	1	1
247183at33208	1	0	0	0	1	0	0	1	0	1	0	0	0	1	0	0	0	0	0	0	1	1
247905at33208	0	0	1	0	0	0	0	0	0	0	0	0	0	0	0	0	0	0	0	0	0	1
249486at33208	1	1	0	0	0.01	0	0.01	1	1	1	1	0.01	1	1	0.01	0.01	1	0.01	1	1	1	1
251076at33208	0	0	0	0	0	0	0	0.01	0.01	0	1	0	1	0	0	0	0	0	0	0	1	1
251577at33208	1	1	0	1	1	1	0.01	100	1	1	100	0.01	1	1	0.01	1	1	1	1	100	1	0.01
255117at33208	1	1	0.01	1	100	0	0	1	0.01	100	100	0	100	100	0	100	1	0.01	1	0.01	1	1
255242at33208	1	1	0	0	0.01	0	0	1	1	100	0	0	1	1	0	1	0	0	1	0.01	1	1
255924at33208	1	1	0	0	100	0	0	1	0	1	1	0	1	1	0	0	0	0	0	1	100	1
257141at33208	0	0	0	0	0	0	0	0	0	0	0	0	0	0	0	0	0	0	0	0	0	0
257339at33208	1	1	0	0	1	0	0	0	1	1	0	0	1	1	0	0	1	0	0	0	1	100
259581at33208	0	1	0	1	0	0	0	1	1	1	1	0	1	1	0	1	1	0	1	1	1	100
260752at33208	1	1	0	0.01	0	0.01	0	0.01	0.01	1	0.01	0	100	1	0	1	1	0	100	0.01	1	0
261284at33208	1	1	0.01	1	0.01	0.01	0.01	1	0.01	1	1	0	1	1	0.01	1	1	0.01	1	1	1	0.01
261614at33208	1	1	0	1	1	0	0	0	1	1	1	0	0	1	0	0	1	0	1	1	1	0
262757at33208	1	1	0	0.01	100	0	0.01	1	100	1	1	0	1	1	0	1	100	1	1	1	1	1
266460at33208	1	1	0	1	1	1	1	100	1	100	100	1	100	1	0.01	100	100	0.01	100	100	1	0
266469at33208	1	0	0	0	1	0	0	1	1	1	1	0	1	1	0	1	1	1	1	0	1	1
266808at33208	1	1	0.01	1	1	1	0	1	1	1	1	1	1	1	0	1	100	1	1	1	1	1
267439at33208	1	1	0.01	1	100	1	0.01	1	1	100	100	0.01	1	1	0.01	1	100	1	1	1	1	1
268134at33208	100	1	0.01	1	1	1	100	1	100	1	1	1	100	100	1	1	100	1	100	1	100	100
268397at33208	1	0.01	0	0	1	0	0	0.01	0	1	0	0	1	1	0.01	0.01	1	0	1	0	1	1
270594at33208	1	1	0	0	1	0	0.01	1	1	1	1	0	1	1	0	1	1	1	1	0.01	1	1
271297at33208	1	1	0	1	1	1	0	100	100	100	100	0	100	1	0	1	100	0.01	100	100	1	1
271742at33208	1	1	0	100	1	0.01	0	100	1	100	100	0.01	1	1	0	1	100	0.01	1	1	0	1
272605at33208	0	1	0	0	0	0	0	0.01	0	0	0	0	0	1	0	0	0	0	0	1	0.01	1
273040at33208	1	1	1	1	1	1	1	100	1	100	100	1	1	1	1	1	1	1	1	1	100	100
273367at33208	0	0	0	0	0	0	0	0	0	0	0	0	0	0	0	0	0	0	0	0	0.01	1
273989at33208	1	1	0	0	0.01	0	0	1	1	1	0.01	0	1	1	0	1	1	0	100	0.01	1	0.01
274044at33208	1	1	0.01	1	1	0.01	0.01	1	1	1	100	0.01	1	1	0	0.01	100	1	1	0.01	1	1
274064at33208	1	1	0	1	0	0	1	1	1	1	100	0.01	1	1	0	1	1	0.01	100	1	1	0.01
274769at33208	1	1	0.01	100	1	0.01	0.01	1	0.01	1	1	0.01	1	0.01	0	1	1	0	100	1	1	1
274992at33208	1	1	0.01	1	1	1	1	1	1	1	1	1	100	1	0.01	1	1	1	1	100	1	1
277935at33208	1	1	0	0	1	0	1	1	1	1	1	0.01	1	1	0	1	1	1	1	0.01	1	1
278227at33208	1	1	0.01	0.01	100	0.01	1	1	1	1	1	0.01	1	1	0.01	1	1	0.01	1	1	1	1
279631at33208	1	1	0	0	0	0	0	1	0	0	1	0	1	0	0	0	1	0	1	0	1	1
279992at33208	0	0	0	0	0	0	0	0	0	0	0	0	0	0	0	0	0	0	0	0	1	1
280914at33208	1	1	0	1	1	0.01	0.01	1	1	1	1	0.01	1	1	0	1	100	1	1	100	1	0
281304at33208	1	1	0	0	1	0	0	100	100	0.01	100	1	100	100	0	1	1	0.01	100	1	1	1
281693at33208	1	1	0	1	0	0	0	1	0	1	1	0	0	1	0	0	1	0	0	0	1	1
283637at33208	1	0.01	0.01	0.01	1	1	1	1	1	1	1	0.01	1	1	0	1	1	0.01	1	1	1	0.01
284059at33208	1	1	0	0.01	1	0.01	1	1	1	1	100	0.01	1	1	1	1	1	0.01	1	1	1	0
285146at33208	1	1	0	0.01	0.01	0	0.01	1	1	1	1	0.01	1	1	0	1	100	0.01	1	0.01	0.01	1
285902at33208	1	1	0.01	1	0.01	0	0.01	1	1	1	1	0.01	1	1	0.01	1	1	0.01	1	1	1	0
285966at33208	1	1	0.01	0.01	100	0.01	1	0.01	1	1	0.01	0	1	1	0	1	1	0.01	1	1	100	1
286553at33208	1	1	0.01	1	0.01	0	0	1	1	1	1	0.01	1	1	0.01	1	1	0	1	0.01	1	0.01
289235at33208	1	1	0	1	1	0	1	1	1	1	1	1	1	1	0	1	1	1	1	1	1	1
289928at33208	1	1	0	1	1	1	1	1	1	1	1	1	1	1	0	100	100	1	1	1	1	1
291505at33208	1	1	0.01	1	100	0.01	1	1	1	1	1	0.01	1	1	0.01	1	100	1	1	1	1	1
291875at33208	1	1	0.01	0.01	0.01	0.01	0.01	1	1	1	1	0	1	1	0	1	1	0.01	1	0.01	100	1
295556at33208	0	0	0	0	0	0	0	0	0	0	0	0	0	0	0	0	0	0	0	0	0	1
295775at33208	1	1	0	0	1	0.01	0	0.01	1	1	0.01	0	1	0.01	0	0	1	0.01	1	0.01	1	1
300303at33208	1	1	0	100	0	0	1	1	1	1	1	0	1	1	0.01	100	1	0.01	1	1	1	0.01
301572at33208	1	1	0.01	100	1	1	0.01	1	1	100	1	0	1	1	0	1	100	0.01	1	1	1	1
302186at33208	1	1	0	0.01	0.01	0	0	0.01	0.01	0.01	0	0	1	1	0	0.01	100	0	1	0.01	1	0
302279at33208	1	1	0	100	1	0	0	1	1	1	0.01	0	1	1	0	1	0.01	0.01	1	0.01	1	0
302921at33208	1	1	0	0	0.01	0	0	1	0.01	0.01	1	0	0.01	1	0	0.01	0.01	0	0.01	0.01	1	1
303117at33208	1	1	0	1	0	0	0	1	0	1	0	0	1	1	0	1	1	0	1	0	1	1
304388at33208	1	1	0	1	1	0	0	1	100	1	1	1	1	100	0	1	1	0	1	1	1	0
305260at33208	1	1	0	0.01	0.01	0.01	0.01	1	0.01	1	0.01	0.01	1	1	0	1	1	0	1	0.01	1	100
306101at33208	1	1	0	0	1	1	0.01	1	1	1	100	1	1	1	0.01	1	1	0.01	1	100	1	1
307109at33208	0	0	0.01	0	0	0	0	0	0.01	1	1	0	0.01	1	0	0.01	1	0	1	0	0	0
308610at33208	1	0	0	1	1	1	1	100	1	1	1	1	1	1	1	100	1	1	100	1	1	0.01
311438at33208	1	1	0	0	1	0	0	1	1	1	1	0	1	1	0	0	1	0	0	0	1	0
311758at33208	1	1	0	1	1	0.01	0.01	1	1	1	0.01	0.01	1	1	0.01	1	1	1	1	1	1	0.01
311761at33208	1	1	0	1	1	0	0	1	1	1	1	0	1	1	0	1	1	0	1	0.01	1	1
312577at33208	1	1	0	0	1	0	0.01	1	1	1	1	0	1	1	0.01	1	1	0.01	1	1	1	1
313091at33208	1	1	0	0.01	1	0.01	0	1	1	1	1	0	1	1	0.01	1	1	0.01	1	0.01	1	1
315044at33208	1	1	0	0.01	1	0.01	1	1	1	1	1	0.01	1	1	0	0.01	1	0.01	1	1	1	0.01
315393at33208	1	1	0	0.01	0.01	0.01	0	1	1	0.01	1	0	1	1	0	1	1	0.01	1	100	1	1
317470at33208	1	1	0	0	0	0	0	1	0	0	1	0	1	1	0	1	1	0	1	0	1	0
318483at33208	1	1	1	1	1	1	0	1	1	1	1	0	1	1	1	1	1	0	1	1	1	0
318532at33208	1	1	1	100	1	0.01	1	100	1	1	100	0.01	0.01	1	0	1	1	1	1	100	1	1
319574at33208	1	1	0	0	100	0.01	1	100	1	1	100	0	1	1	0	1	1	1	1	1	1	1
320390at33208	1	1	0	1	1	1	0.01	1	1	1	1	0.01	100	1	0.01	1	100	1	1	1	1	1
321332at33208	1	1	0	0.01	1	0	0	1	1	1	0.01	0.01	1	1	0.01	1	1	1	1	1	1	1
323399at33208	1	1	0	1	0	0	0	1	0	1	1	0	1	0	0	0	1	0	0	1	1	1
323473at33208	1	1	0	1	1	1	0	1	1	1	1	0	1	1	0	1	1	0	1	1	1	1
324249at33208	1	1	0	0.01	0	0.01	0	1	1	100	1	0.01	1	1	0.01	100	1	0	1	100	1	0.01
325183at33208	1	1	0.01	1	1	1	1	100	1	100	100	1	1	1	0.01	100	100	1	1	100	1	1
327301at33208	0	0	0	0	0	0	0	0	0	0	0.01	0	0	0	0	0	0	0	0	0	1	1
331112at33208	0	1	0	1	1	0	0	1	0	1	100	0	0	0	0	0	0	0	0	0	1	1
331186at33208	1	1	0	0	0	0	0	0	1	0	0	0	1	1	0	0	1	0	0	0	1	0
332870at33208	1	100	0	0	100	1	0.01	1	100	1	1	0	1	100	0.01	1	100	0.01	100	1	1	1
333062at33208	1	1	0.01	1	1	1	0.01	1	0.01	1	1	0.01	1	1	0.01	1	1	1	1	100	1	100
333800at33208	0	0	0	0	0	0	0	0.01	0	0	0.01	0	0	0	0	0	0.01	0	0	0.01	0	0
334272at33208	0	0	0	0	0	0	0	0	0	0	0	0	0	0	0	0	0	0	0	0	0.01	1
334331at33208	1	1	0.01	0.01	0.01	0.01	0.01	0.01	1	100	0.01	0.01	1	1	0	1	1	0.01	0	0.01	1	1
334336at33208	1	1	0.01	1	0.01	0	0.01	1	0.01	1	1	0.01	1	1	0	1	1	0.01	1	1	1	1
334342at33208	1	1	0	1	1	0	0	1	1	1	1	0	1	1	0.01	1	1	1	1	1	1	1
334764at33208	1	1	0	1	1	1	1	1	1	0.01	1	0.01	1	1	0	0.01	1	0.01	1	100	1	0
334820at33208	1	1	0.01	1	1	1	1	1	1	1	1	0.01	100	1	0	1	1	1	1	1	1	1
335107at33208	1	1	0	0.01	1	1	1	100	1	1	100	1	100	1	1	1	1	1	1	100	1	1
336647at33208	1	1	0	0	0	0	0	0	0	0	0	0	0	0	0	1	1	0	0	0	0	0
338191at33208	1	1	0.01	1	0.01	1	0.01	1	1	100	1	0.01	1	100	0	1	1	1	1	1	1	100
338482at33208	1	1	0	100	0	0	0	1	1	1	1	0	1	100	0	1	100	0	100	1	1	1
339127at33208	1	1	0	1	0.01	1	0.01	100	1	1	1	0	1	1	0.01	1	1	0.01	1	0.01	1	0.01
339319at33208	1	1	0	1	1	0.01	1	1	1	1	1	0.01	1	1	1	1	100	1	1	1	1	1
340558at33208	1	1	0.01	1	1	0.01	1	1	1	1	1	0.01	1	1	0	1	100	1	1	1	1	1
340577at33208	1	1	0	0.01	1	1	1	1	1	1	1	0	1	1	0.01	1	1	1	1	1	0.01	0
344338at33208	1	1	0	100	1	0	1	100	100	100	100	1	1	1	1	100	1	1	100	100	1	100
344346at33208	0	0	0	0	0	0	0	0	0	0	0	0	0	0	0	0	0	0	0	0	0	0
344442at33208	1	1	0.01	100	0.01	0	0.01	1	1	1	1	0	1	1	0.01	1	1	0.01	1	1	1	1
344581at33208	1	1	0	1	1	1	1	100	1	1	100	100	1	1	0	1	1	1	1	1	1	1
344611at33208	1	1	0	100	1	0	0.01	1	1	1	1	0	1	100	0.01	1	1	1	1	1	1	1
345099at33208	1	1	0	100	0.01	0.01	0.01	1	1	1	1	0.01	1	1	0.01	1	1	0.01	1	0.01	1	100
345959at33208	1	1	0.01	0	1	0	0	1	0.01	1	0	0	1	1	0	0.01	0.01	0	1	0.01	1	0
346541at33208	0	0	0	0	0	0	0	0	0	0	0	0	0	0	0	0	0	0	0	0	0	0
347600at33208	1	1	0	1	100	0.01	0	1	1	1	0.01	0	1	1	0.01	1	1	1	1	1	1	0
348449at33208	1	1	0	0.01	1	1	1	1	1	100	100	0	1	1	0	1	100	0	100	1	1	1
348544at33208	1	1	100	1	1	0.01	1	100	1	100	100	1	1	1	1	1	1	1	1	100	1	1
348761at33208	1	1	0	1	1	1	0	0.01	0.01	0.01	1	0	1	1	0	1	1	0	0.01	1	1	1
349064at33208	1	1	0	1	1	1	0	0.01	1	1	0	0	1	1	0	1	1	0.01	1	100	100	100
349627at33208	1	1	0.01	0	1	1	1	1	1	1	1	0.01	1	1	0.01	0.01	1	0.01	1	0.01	100	1
351226at33208	1	1	0	0	0	0	0	1	1	0	0	0	1	1	0	1	1	0	0.01	0	1	1
352600at33208	1	1	0	1	1	0.01	1	1	1	1	1	1	1	1	0	1	1	1	1	1	1	1
352854at33208	1	1	0	1	1	1	1	1	100	100	100	0.01	100	1	0.01	100	1	1	1	100	1	100
353286at33208	1	0.01	0	0	1	1	0.01	0.01	0.01	1	1	0.01	0.01	1	0.01	0.01	0.01	0.01	0.01	0.01	1	0
353768at33208	0	0	0	0	0	0	0	1	0	0	0	0	0	0	0	0	0	0	0	1	1	100
354829at33208	1	1	1	1	1	1	1	100	1	100	100	1	1	1	1	1	1	0.01	100	100	1	1
354949at33208	1	1	0	1	1	1	1	1	1	1	100	0.01	1	1	1	1	1	1	1	100	1	100
355210at33208	1	1	1	100	1	0.01	0	1	1	1	0.01	0	1	1	0	1	1	0.01	1	1	1	1
355739at33208	1	1	0	1	1	1	1	1	1	1	1	1	1	1	0	1	1	0	1	1	1	0.01
356175at33208	0	0	0	0	0	0	0	0	0	0	0	0	0	0	0	0	0	0	0	0	1	0
356334at33208	1	1	0.01	0.01	1	0.01	0.01	1	0.01	1	1	0.01	1	1	0	1	1	0.01	1	0.01	1	0
356503at33208	1	1	0	1	100	1	1	100	1	1	1	0.01	1	1	1	1	1	1	1	1	1	1
357580at33208	1	1	0	1	1	0	0	1	1	1	1	0	1	1	0	0	100	1	1	1	0	100
359075at33208	1	1	0.01	0.01	0.01	0.01	0.01	1	0.01	1	1	0	1	1	0	0.01	1	0.01	0.01	1	0.01	1
359324at33208	1	1	0	1	0.01	0.01	0.01	1	100	1	1	1	1	100	0.01	1	1	1	100	1	100	1
359369at33208	1	1	0	1	100	0.01	0	0	1	1	1	1	1	1	0	1	1	0	1	1	0	1
359532at33208	0	0	0	0	0	0	0	0	0	0	0	0	0	0	0	0	0	0	0	0	0	0
360379at33208	0	0	0	0	0	0	0	0	0	0	0	0	0	0	0	0	0	0	0	0	1	0
360753at33208	0	0	0	0	0	0	0	0	0	0	0	0	0	0	0	0	0	0	0	0	1	1
361100at33208	1	1	0	1	1	1	1	1	1	100	100	0	1	1	1	1	1	1	1	100	1	1
361203at33208	1	1	100	0	1	1	0.01	1	1	1	1	0	1	1	0.01	1	1	0.01	1	1	1	1
361216at33208	0	0	0	0	0	0	0	0	0	0	0	0	0	0	0	0	0	0	0	0	0	0
363634at33208	0	0	0	0	0	0	0.01	1	0.01	0	0.01	0	0.01	0	0	0	0.01	0	0.01	0	1	100
363840at33208	1	1	0	1	1	0	0	1	0	1	1	0	1	1	0	1	1	0.01	0.01	0.01	1	1
363851at33208	1	0.01	0	0	0	0.01	0	0	0.01	0.01	0.01	0	100	1	0	0	0.01	0	0.01	0.01	1	1
364383at33208	1	1	0.01	100	1	1	1	100	1	1	100	0	1	1	0	1	1	1	1	100	1	1
364694at33208	1	1	0.01	1	1	0.01	0.01	100	1	100	100	0	100	1	0.01	100	100	0.01	1	1	1	0
365323at33208	1	1	0	0	0	0	0	0	1	0	0	0	0	0	0	0	0	0	0	0	100	0
365561at33208	0	0	0	0	0	0	0	0	0	0	0	0	0	0	0	0	0	0	0	0	1	1
365691at33208	1	1	0	0	1	0.01	0	1	1	1	1	0.01	1	1	0	1	1	0.01	1	1	1	1
366124at33208	1	1	0	1	0	0	1	100	1	1	100	0	1	1	0	0	100	0	1	100	1	1
366814at33208	1	1	0.01	1	1	1	0.01	1	1	1	1	0	1	1	0.01	1	100	1	1	1	100	1
366936at33208	1	1	1	1	1	1	1	100	1	1	100	100	100	1	100	1	100	1	1	100	1	1
367493at33208	1	1	0	0	1	0	0	1	100	1	1	0	1	100	0	1	100	0	1	0.01	1	1
367551at33208	1	1	0	0	0	0	1	100	1	1	0	0	1	1	0	0	1	1	1	1	1	100
367596at33208	1	1	0.01	0.01	0.01	0	0.01	1	0.01	1	1	0	1	1	0.01	1	100	0.01	0.01	0.01	1	1
367957at33208	1	1	0	1	1	0	0.01	1	1	1	1	0.01	1	1	0	1	1	0.01	1	1	1	1
368565at33208	1	1	0	1	1	1	1	1	1	1	1	0.01	100	1	0.01	1	100	0.01	100	1	1	0
368670at33208	1	1	0	1	1	0.01	0	1	100	100	100	0.01	1	1	0	100	100	0	1	1	1	1
368875at33208	0	0	0	0	0	0	0	0	0	0	0	0	0	0	0	0	0.01	0	0	0	1	1
371241at33208	1	1	0	100	1	1	1	1	1	100	100	1	1	1	0.01	100	1	1	1	100	1	0
371297at33208	1	1	0.01	1	100	1	100	1	1	100	100	0.01	1	1	0.01	1	1	0.01	1	100	1	1
371526at33208	1	1	0	1	1	0.01	1	100	1	100	100	1	1	1	1	0.01	1	1	1	100	1	1
372257at33208	1	1	0	0	0.01	0.01	0.01	1	1	1	1	0.01	1	1	0	1	1	0.01	1	100	1	1
372707at33208	1	0.01	100	1	1	1	0.01	100	1	100	100	1	1	1	1	1	1	1	1	100	1	100
373040at33208	0.01	0	0	0.01	0.01	0	0.01	0.01	0.01	0.01	1	1	0.01	0.01	0.01	0.01	0.01	0.01	0.01	1	1	0.01
376982at33208	1	1	1	1	1	1	1	100	100	100	100	0.01	1	1	1	1	1	1	1	100	1	1
378033at33208	0	0	0	0	0	0	0	0.01	0.01	0	0.01	0	0	0	0	0	0	0	0	1	0	0
378316at33208	1	1	0.01	1	1	0.01	0	1	1	100	1	0	1	1	0	1	1	0.01	1	1	1	1
378768at33208	1	1	0.01	1	1	0.01	1	100	100	100	100	1	1	1	1	1	1	1	1	100	1	100
378913at33208	1	1	0	1	1	0	1	100	100	100	100	1	100	1	0.01	100	100	1	100	100	1	0
379076at33208	1	1	0	1	1	0	0	1	0	1	1	0.01	1	1	0	1	1	1	1	1	1	1
379636at33208	1	1	0.01	1	1	1	1	100	1	1	100	0.01	100	1	0.01	1	100	1	1	100	1	1
379771at33208	1	1	0	0.01	1	0	0	1	1	0.01	1	0.01	1	1	0	1	1	0.01	100	1	1	0.01
380583at33208	1	1	0	0	1	0	1	1	1	100	1	0	0	1	0	1	1	1	1	1	1	1
381303at33208	1	1	0	0	0	0	1	1	1	0.01	1	0	1	1	0	1	1	1	1	0.01	1	1
382000at33208	1	0	0	1	0	0	0	1	1	1	0	0	1	0	0	1	1	0	1	1	1	100
382262at33208	1	1	1	1	1	0.01	1	1	1	1	1	0	1	1	0.01	1	1	0	1	100	1	100
382750at33208	1	1	0	0	0.01	0.01	0.01	1	0.01	1	1	0	1	1	0.01	1	100	0.01	0.01	0.01	0.01	1
383313at33208	0	0	0	0	0	0	0	0	0	0	0	0	0	0	0	0	0	0	0	0	0	1
384187at33208	1	1	0.01	100	1	0.01	1	1	1	1	1	0.01	0.01	0.01	0	1	100	0.01	1	1	1	1
386666at33208	1	0.01	0	100	1	1	1	1	1	100	1	0	1	1	0.01	1	1	0.01	1	1	1	1
387079at33208	1	1	0	1	1	1	1	100	1	100	100	0	1	1	1	100	1	1	1	100	1	1
387117at33208	1	1	0	0	1	0	0	1	100	0	0	0	1	1	0	1	100	1	1	1	1	0
387878at33208	1	100	0	1	100	0.01	1	1	1	1	1	100	1	100	1	1	1	1	1	100	1	1
389367at33208	0	1	1	1	1	1	0.01	1	1	1	1	0.01	1	1	0	1	1	1	1	0.01	1	1
389527at33208	1	1	0.01	1	0.01	0.01	1	1	1	1	1	0.01	1	1	0.01	1	1	0.01	1	1	1	1
389570at33208	1	1	0	0	0.01	0.01	0.01	1	1	1	1	0	1	1	0	0.01	1	0.01	0.01	1	1	100
389591at33208	1	1	0	0	1	0	0	1	0.01	1	1	0.01	1	1	0	1	1	0.01	1	1	1	0.01
390192at33208	1	0.01	0	0.01	1	0	1	1	1	1	100	1	1	1	0.01	1	1	1	1	100	1	100
390402at33208	0	0	0	0	0	0	0	0	0	0	0	0	0	0	0	0	0	0	0	0	1	0
391896at33208	1	1	0	1	1	1	0.01	1	1	0.01	1	0	1	1	0	1	1	0.01	1	1	1	1
393219at33208	0	0	0	0	0	0	0	0	0	0	0	0	0	0	0	0	0	0	0	0	1	1
393291at33208	1	1	0	100	1	1	0	100	1	1	100	1	1	1	0.01	1	1	1	1	100	1	0
393419at33208	1	0.01	0	0.01	1	1	0	1	1	100	100	0	1	1	0	1	100	1	100	1	1	100
393895at33208	1	1	0.01	1	100	1	0.01	1	1	1	1	0.01	1	1	1	100	100	1	1	100	1	0
395147at33208	1	1	0.01	0	0.01	0	0	1	1	100	0.01	0	1	0.01	0	1	1	0.01	1	0.01	1	1
395183at33208	1	1	1	1	1	1	1	100	1	1	1	0	1	1	0.01	100	0	1	0	100	1	100
395556at33208	1	1	0	0	0.01	0	0	100	1	1	0.01	1	1	1	0	1	1	0	0.01	1	1	1
395919at33208	1	1	0	0	0.01	0	0	1	0	0.01	1	0	1	1	0	0	1	0	1	0.01	1	0
395948at33208	1	1	0	100	1	0	0	1	1	1	0.01	0	1	1	0	1	1	0	0.01	0	1	100
396237at33208	1	1	0	1	1	1	1	1	1	1	100	0	1	100	1	1	1	1	1	1	1	1
397019at33208	1	1	0	0	0	0	0	0	1	0	0	0	0	1	0	0	1	0	1	0	1	1
397659at33208	1	1	0	0	0	0	0.01	1	1	0.01	0	0	1	1	0	0.01	0.01	0	0.01	0.01	0.01	1
398013at33208	1	1	0	0.01	0.01	0.01	0.01	1	1	100	0.01	0	1	1	0	1	1	0.01	1	1	1	100
398202at33208	1	1	0	1	1	0.01	0.01	100	1	1	100	1	1	1	1	1	1	1	1	100	1	1
398607at33208	1	1	0.01	0	100	1	1	100	1	100	100	0.01	1	1	0	1	1	1	1	100	1	1
399092at33208	1	1	1	100	1	1	1	100	100	100	100	1	1	1	1	100	1	1	1	100	1	1
399439at33208	0	0	0	0	0	0	0	0	0	0	0	0	0	0	0	0	0	0	0	0	1	0
400042at33208	1	1	0	0	1	1	1	1	1	100	0.01	1	1	1	0.01	1	100	1	1	100	1	1
401196at33208	0.01	0	0	0	0	0.01	0	0.01	0.01	0	0.01	0	0.01	0.01	0	0	0	0	0.01	0	1	1
401220at33208	1	1	0	1	1	0	0	1	1	100	1	0.01	1	1	0.01	1	1	0.01	1	1	1	1
401679at33208	1	0	0	0	0	0	0	0	0	0	0	0	0	100	0	0	0	0	0	0	1	1
401779at33208	1	1	0	1	1	1	1	1	1	100	1	0.01	1	1	1	1	1	1	1	100	1	1
403171at33208	1	1	0	0.01	1	1	0	1	1	1	1	0	1	1	0	1	1	0.01	1	0.01	1	0.01
403817at33208	1	1	0	1	1	0	0.01	100	1	1	100	1	100	0.01	0	1	0.01	0	100	1	1	1
404988at33208	1	1	0	1	1	0.01	1	100	1	1	1	0.01	1	1	0.01	1	1	0.01	100	1	1	1
405257at33208	1	1	0	1	1	0	0	1	0.01	1	1	0.01	1	1	0.01	1	1	0.01	0.01	1	1	1
406927at33208	1	1	0.01	0	1	0	0.01	0.01	1	1	1	1	1	1	0	1	1	0	1	1	1	100
407472at33208	1	1	0	0.01	0	0	0.01	1	1	1	0.01	0.01	1	1	0	1	100	0.01	1	1	1	100
409006at33208	1	1	0	1	1	0	0	1	1	100	1	0	100	1	0	100	1	0	1	0.01	1	1
409186at33208	1	0.01	0	0	0.01	0	0	0.01	0.01	0.01	0.01	0	0.01	1	0	0.01	1	0	0.01	0.01	1	0.01
411515at33208	1	1	0.01	1	100	0.01	0.01	1	1	1	1	0.01	1	1	0.01	1	1	0.01	1	1	1	1
411664at33208	0.01	0.01	0.01	0.01	1	0	0	0.01	0	0.01	0.01	0	0	0.01	0	0.01	0	0	0	0	1	100
411755at33208	1	1	0.01	1	1	1	0.01	1	100	0.01	1	0	1	1	0	1	100	1	1	1	1	1
412370at33208	0	0	0	0	0	0	0	0.01	0	0	0.01	0	0	0.01	0	0	1	0	0	1	1	1
412542at33208	1	1	0	1	100	0.01	0	100	1	1	1	0	1	1	0	1	100	0	1	1	1	0
412930at33208	0	0	0	0	0	0	0	0	0	0	0	0	0	0	0	0	0	0	0	0	1	0
413334at33208	1	1	0	0	1	0	0	0.01	0.01	1	0.01	0	1	100	0	100	1	0.01	0.01	100	1	0
414001at33208	1	1	0.01	1	1	1	1	1	1	1	100	1	1	1	0	1	1	1	1	1	1	1
414571at33208	1	0	0	0.01	1	1	0.01	100	1	1	1	0.01	1	1	0.01	1	1	0	1	1	1	1
414579at33208	1	1	0	0	1	0	0	1	1	1	1	0	1	1	0	1	100	0	1	1	100	0
414603at33208	0	0.01	0	0.01	0	0	0.01	1	0.01	0.01	0.01	0	1	100	0	0	100	0	1	0.01	1	1
415618at33208	1	1	0	0	100	0.01	1	0	1	1	0	0	1	1	0	1	1	0	1	0	1	0
416175at33208	1	1	0	1	100	1	1	1	1	1	1	1	1	1	0.01	1	1	1	1	1	1	100
418979at33208	1	1	1	1	1	1	100	100	1	100	1	1	1	1	100	1	100	1	1	100	1	1
419502at33208	1	1	0.01	100	100	1	1	1	1	1	100	1	1	0.01	0.01	1	1	0.01	1	1	1	1
419914at33208	1	1	0	0.01	1	0	0	1	0	0	1	0	1	1	0	0	100	0	0	0	1	1
421396at33208	1	1	0	0.01	1	0.01	1	100	1	100	1	0.01	1	1	0.01	1	1	1	100	100	1	0
421685at33208	0.01	1	0	0.01	100	0.01	0.01	1	100	1	1	1	1	1	0.01	0.01	1	0	1	1	1	1
421732at33208	1	1	0	0	1	0	0	1	1	1	1	0	1	1	0	1	1	0	1	1	1	0
422158at33208	1	1	0	0	1	0	0	1	1	1	1	0	1	1	0	1	1	0	1	1	1	100
422751at33208	1	1	0	0	0	0	0	1	0.01	1	1	0	100	1	0.01	1	1	0.01	0.01	1	1	0.01
423799at33208	1	1	0	0.01	0.01	0	1	1	1	1	100	0.01	100	100	0.01	0.01	1	0.01	1	0.01	1	1
423848at33208	0	0	0	0	0	0	0	1	0	0	0	0	0	0	0	0	0	0	0	0	0	0
424392at33208	1	1	0	1	1	1	1	100	100	100	100	1	1	1	0	1	1	100	1	100	1	1
424569at33208	100	100	100	100	100	1	1	100	1	100	100	1	100	100	1	100	100	100	100	100	1	1
424646at33208	0.01	0.01	0	0.01	0.01	0.01	0.01	0.01	0.01	0.01	0.01	0.01	1	0.01	0	0.01	0.01	0.01	1	0.01	1	1
427349at33208	1	1	0.01	1	1	1	1	100	1	100	100	1	0.01	1	0	100	1	1	1	100	1	1
427789at33208	1	1	100	1	100	1	1	1	1	1	1	0.01	1	1	0.01	1	1	1	1	1	1	1
428202at33208	1	1	0.01	100	100	1	100	1	1	100	1	1	1	1	0.01	1	1	100	1	1	1	1
428754at33208	1	1	0	0	0	1	0	0	0	0	0	0	1	1	0	1	1	1	1	0	1	1
429011at33208	1	1	0	0	0.01	1	1	1	100	1	100	1	1	1	1	1	1	1	1	1	1	1
429274at33208	1	1	0	1	1	1	0	1	1	1	1	0	1	1	0	1	1	0	1	100	1	0
429751at33208	1	1	0	1	1	1	0.01	1	1	1	1	0.01	1	1	0	1	1	1	1	100	1	1
430701at33208	0	0	0	0	0	0	0	0	0	0	0	0	0	0	0	0	0	0	0	0	1	1
432050at33208	1	1	100	100	1	0	100	100	100	100	100	1	100	100	0.01	100	100	100	100	100	1	1
432155at33208	1	1	0.01	0	1	1	0	1	1	1	1	1	1	1	1	1	1	0	1	1	1	1
432287at33208	0	0	0	0	0	0	0	0	0	0	0	0	0	0	0	0	0	0	0	0	1	1
432522at33208	0	0	0	0	0	0	0	0	0	1	0	0	0	0	0	1	1	0	0	0	1	0
433216at33208	1	1	0	1	1	1	1	100	100	1	100	0	1	1	0.01	1	100	1	1	1	1	100
433606at33208	0	0	0	0	0	0	0	1	0	0	0.01	0	0	0	0	0	0.01	0	0	0	1	0
434068at33208	1	1	0	1	100	1	0.01	1	1	1	0.01	0	1	1	0	1	1	0.01	1	100	1	1
434863at33208	1	1	1	1	0.01	1	1	100	1	100	100	0.01	1	1	0.01	100	1	1	1	1	1	1
435253at33208	0	0	0	0	0	0	0	0	0	0	0	0	0	0	0	0	0	0	0	0	1	0
435678at33208	1	1	0	0.01	0.01	0	0.01	1	1	1	0.01	0.01	1	1	0	1	1	0.01	1	0.01	1	1
435921at33208	1	1	1	0	1	1	1	0.01	0.01	1	1	1	1	1	0	1	1	1	1	1	1	1
435939at33208	0	0	0	0	0	0	0	0.01	0	1	1	0	0.01	0	0	0.01	1	0	0.01	1	0	0
436007at33208	1	1	0.01	100	1	1	100	1	1	1	1	100	1	1	0	1	1	100	1	1	1	100
436098at33208	0	0	0	0	0	0	0	0	0	0.01	0.01	0	0.01	0	0	0	0	0	0	0	0	0
436539at33208	0	0	0	0	0	0	0	1	0	0	1	0	0	0	0	0	1	0	0	1	1	0
437653at33208	1	1	0	0	1	0.01	0.01	1	1	1	1	1	1	1	0	100	1	0	1	100	1	1
438133at33208	1	1	0.01	100	100	0.01	0.01	100	100	100	100	1	100	100	0.01	100	100	1	100	100	1	1
438433at33208	1	1	1	100	1	100	1	100	100	100	100	1	100	100	100	100	100	1	1	100	1	100
438453at33208	1	1	0	1	100	1	0.01	1	1	1	1	0.01	100	1	0	0.01	100	1	1	1	1	100
439736at33208	0	0	0	0	0	0	0	0	0	0	0	0	0	0	0	0	0	0	0	0	1	1
440195at33208	0	0	0	0	0	0	0	0	0	0	0	0	0	0	0	0	0	0	0	0	1	1
440493at33208	1	1	0	0.01	1	1	0	1	0.01	1	0	0	100	1	0	1	1	0	1	1	0.01	0
441575at33208	1	1	0	0.01	0.01	0	0.01	1	0.01	1	0.01	0	1	1	0.01	1	1	0.01	1	0.01	1	0.01
442169at33208	0	0	0	0	0	0	0	0	0	0	0	0	0	0	0	0	1	0	0	0	1	1
442203at33208	1	1	0.01	100	1	1	0.01	1	1	1	1	0.01	1	1	0.01	1	1	0.01	1	1	1	0.01
442823at33208	1	1	0.01	1	1	0.01	0.01	1	1	1	1	0	1	1	0.01	1	1	0.01	1	1	1	1
443305at33208	1	1	0.01	0.01	1	1	1	1	1	1	1	0.01	1	1	0.01	1	1	0.01	1	0.01	1	1
443518at33208	1	1	0.01	0.01	1	1	1	100	1	1	100	1	1	1	1	1	1	1	1	100	1	0
443659at33208	1	1	0	1	1	0	1	100	1	1	100	1	1	1	1	1	1	0	1	100	1	1
443928at33208	1	1	0	1	1	0.01	0.01	1	1	1	0.01	0.01	1	1	0.01	1	1	0.01	1	100	100	1
444160at33208	1	1	0.01	1	0.01	1	0.01	100	1	1	1	1	100	1	1	1	1	1	0.01	100	1	0
444231at33208	1	1	0	0	1	1	0.01	0.01	1	1	0	0.01	1	1	0	1	100	1	100	0.01	1	0.01
445031at33208	1	0	0	1	1	0	0	1	1	1	100	1	1	1	0	1	1	0	1	1	1	1
445034at33208	1	1	0	0	1	0	0	1	1	0	0	0	1	1	0	0.01	0.01	0	1	0	1	0.01
445091at33208	1	1	0	0	100	1	0.01	1	1	1	0.01	0	1	1	0	0.01	1	0.01	1	100	1	0.01
446000at33208	1	0	0	1	1	0	0.01	0.01	1	0	1	0	1	1	0	1	100	1	1	0.01	1	1
446031at33208	100	1	0	0.01	1	1	1	100	1	100	100	1	1	1	0.01	100	1	1	1	100	1	1
447320at33208	0	0	0	0	0	0	0	0	0	0	0	0	0	0	0	0	0	0	0	0	1	1
447400at33208	1	1	0	1	1	1	1	1	1	100	100	1	100	1	0.01	100	1	0.01	100	100	0	1
448196at33208	1	1	0.01	1	1	0.01	1	100	1	1	1	0.01	1	1	0.01	0.01	100	0	1	100	1	1
448514at33208	0	1	0	1	1	0	0	0	0	1	0	0	0	0	0	1	0	0	0	0	1	1
449056at33208	0	0	0	0	0	0	0	0	0	0	0	0	0	0	0	0	0	0	0	0	1	1
449139at33208	1	1	0	1	100	0	1	1	1	1	0	0	1	1	0	1	1	0	1	1	0	0
449189at33208	1	1	0	1	1	0.01	0.01	1	1	1	100	0.01	1	1	0.01	1	1	0.01	1	1	1	1
450643at33208	0	0	0	0	0	0	0	0	0	0	0	0	0	0	0	0	0	0	0.01	0	1	1
450785at33208	1	1	0.01	1	1	1	0.01	100	1	1	100	0	100	1	0	1	1	0	1	100	1	1
451242at33208	1	1	0.01	1	1	1	1	100	1	100	100	0	1	1	1	1	1	0.01	1	1	1	1
451957at33208	1	1	0.01	1	1	1	0.01	1	1	1	0.01	0	1	1	0	1	1	0.01	1	1	1	1
452208at33208	1	1	0	1	1	1	1	100	1	100	100	1	1	1	0.01	100	1	1	1	100	1	0
452499at33208	0	1	0	0	1	0.01	1	100	1	100	100	1	1	1	0	1	1	1	1	100	1	1
452574at33208	1	1	0	0	1	1	0	1	1	1	1	0	1	1	0	1	100	0	1	1	1	1
453049at33208	0	1	0	0	1	1	1	1	0	0.01	0.01	0.01	1	1	0	0	1	1	1	0.01	100	1
453052at33208	1	1	0	1	1	0	0	100	0	1	0.01	0	1	1	0	0.01	1	0	0.01	1	0.01	1
453056at33208	1	1	0	1	1	1	1	100	1	1	100	0	1	1	0	1	1	1	1	100	1	1
453687at33208	1	1	0	1	1	0	0.01	1	1	1	1	0.01	100	1	1	100	100	1	100	1	1	1
454911at33208	1	1	0	0.01	100	0	0	0.01	1	1	0.01	0	1	1	0	1	1	0.01	1	0.01	1	0.01
455512at33208	1	1	0.01	1	0.01	0	0	1	1	100	1	0.01	100	1	0	1	1	0.01	1	1	1	100
455941at33208	1	1	1	1	1	1	1	100	1	1	1	1	100	1	1	1	100	1	1	1	100	1
456998at33208	1	1	0	0	100	0	0	1	1	1	0	0	1	1	0	0	1	0	1	0	1	0
457777at33208	1	1	0.01	1	1	1	1	100	1	1	1	1	1	1	1	1	1	0.01	1	1	1	100
458807at33208	1	1	0.01	1	1	0	1	100	1	100	100	0	1	1	0	1	1	1	1	100	1	1
458974at33208	1	1	0.01	0.01	1	0.01	1	1	1	1	1	0	1	1	0	0.01	1	1	1	1	1	1
458988at33208	1	1	0	0.01	1	0	1	1	1	1	1	0	1	1	0.01	1	1	1	1	1	1	1
459253at33208	0	0	0	0	0	0	0	0	0	0	0	0	0.01	0	0	0	0	0	0.01	0	1	0
460044at33208	1	1	0	1	0.01	1	0.01	100	1	1	1	0.01	1	1	0	1	1	1	1	1	1	1
460518at33208	1	1	1	1	0.01	1	0	1	1	1	100	0	1	1	1	1	1	0	1	100	1	1
461123at33208	1	1	0.01	0.01	0.01	1	0.01	1	1	1	1	0.01	1	1	0	1	1	1	0.01	100	1	0.01
461193at33208	1	1	0	0.01	100	0.01	0.01	0.01	1	0.01	0.01	1	1	1	0	1	1	1	1	1	0.01	100
462325at33208	1	1	100	100	100	100	100	1	100	1	100	100	1	1	100	1	1	100	1	100	1	100
462897at33208	1	1	0	0	0.01	0.01	0.01	1	1	0.01	0.01	0.01	1	1	0	1	1	0	1	0.01	1	100
463071at33208	1	1	0	0	1	1	0	1	1	1	0	0	1	1	0	0	1	0	1	0	1	0
464204at33208	1	1	0	1	1	0	0	1	1	0	1	0	1	1	0	1	1	0	1	0	0	1
464243at33208	0	0	0	0	0	0	0	0	0	0	0	0	0	0	0	0	0	0	0	0	1	1
464286at33208	1	1	0	1	1	0	1	1	1	1	100	0	1	1	0	1	100	0.01	1	1	1	100
464312at33208	1	1	0	1	1	0.01	1	1	1	100	100	0.01	1	1	0.01	1	1	0.01	1	100	1	1
464987at33208	1	1	0	1	1	1	1	100	1	1	1	0.01	1	1	0	1	100	1	100	1	0.01	100
465092at33208	1	1	0	0	1	0	1	1	1	1	1	0	1	1	0	1	1	1	1	0	1	1
465401at33208	1	1	0	0	0.01	1	0	0.01	1	0	0	0	1	1	0	1	1	1	1	0	100	1
465512at33208	1	1	0	1	0.01	0.01	0.01	1	0.01	1	100	0	1	1	0	1	100	0.01	1	1	1	1
465651at33208	1	1	0	1	1	0	0.01	100	1	1	1	1	1	1	0	1	1	0.01	1	1	0.01	0
465703at33208	0	0	0	0	0	0	0	0	0	0	0	0	1	0	0	0	0	0	0	0	1	0
465933at33208	1	1	0	1	1	1	0.01	1	1	1	100	0.01	1	1	0	1	1	0	1	1	1	1
466616at33208	1	1	0	0.01	100	0.01	1	0.01	1	100	1	0.01	100	1	0.01	1	1	0.01	1	100	1	1
466942at33208	1	1	0	1	1	0.01	1	1	1	1	1	0.01	1	1	0	1	1	0.01	1	1	1	0.01
467106at33208	1	1	0.01	1	100	1	1	1	1	0.01	0.01	0.01	1	1	0.01	1	1	0.01	1	1	1	1
467142at33208	0	0	0.01	0	0	0	0	0	0	0	0	0	0	0	0	0	0	0	0	0.01	1	1
467744at33208	1	1	0	1	1	0	1	100	1	1	1	0	1	1	1	1	1	1	1	100	1	1
468248at33208	1	1	0	0	1	1	0.01	100	100	1	100	1	1	1	0.01	1	1	0.01	100	100	1	1
468359at33208	0	1	0.01	1	1	0	1	1	1	1	1	1	1	1	0.01	1	1	1	1	1	1	0
468631at33208	1	1	1	0	1	0.01	0	1	1	1	1	0.01	1	1	0	1	100	0.01	100	1	1	1
468710at33208	1	1	0	1	1	0	1	0	1	1	1	0	1	1	0	1	1	0	1	0	1	0
468757at33208	1	1	1	0.01	1	1	0.01	1	1	100	1	0.01	1	1	0.01	100	1	1	1	1	1	1
469367at33208	1	1	0.01	1	1	1	0.01	1	1	100	1	0.01	1	1	0.01	1	1	0.01	1	1	1	100
470197at33208	0	0	0	0	0	0	0	0	0	0	0	0	0	0	0	0	0	0	0	0	1	1
470523at33208	1	1	0.01	1	0.01	0	0.01	1	0.01	1	1	0	1	1	0	1	1	0.01	0.01	1	1	0
471608at33208	1	1	0	0.01	1	0.01	1	100	1	1	1	0	1	1	0	1	1	0.01	0.01	100	1	1
471787at33208	1	1	0	0	0.01	0	0.01	100	1	1	1	0	1	1	0	1	1	0	1	1	1	0.01
472313at33208	1	1	0.01	1	100	1	1	100	1	1	100	0.01	1	1	0	1	100	1	1	100	1	1
472352at33208	1	1	0	0	0	0	0	0	1	0	0	0	1	1	0	0	1	0	1	0	1	1
473106at33208	1	1	0.01	1	1	1	0.01	1	1	1	1	0	1	1	0.01	1	1	0.01	1	1	1	1
474144at33208	1	1	1	1	1	0.01	1	100	1	100	100	1	100	1	100	100	100	100	100	100	1	1
474302at33208	1	0	0	1	1	0	0	0	0	1	0	0	1	1	0	0	1	0	1	0	1	0
474387at33208	1	1	0	0.01	0	0	0	1	1	0.01	0.01	0	1	1	0	0	1	0	1	1	0.01	1
475826at33208	1	0	0	1	1	1	0	1	1	1	0	1	1	1	0	1	1	1	1	100	1	1
476036at33208	0.01	1	0.01	1	1	1	0.01	1	1	100	1	0.01	1	1	0.01	100	100	1	100	100	1	1
477052at33208	0	0	0	0	0	0	0	0	0	0	0	0	0	0	0	0	1	0	0	0	1	1
477939at33208	1	1	0	0.01	1	0	0	0.01	0.01	0.01	0.01	0	1	1	0	0.01	1	0.01	1	0.01	1	1
477998at33208	1	1	0	100	100	0	1	1	100	1	100	0.01	100	1	0.01	1	100	1	1	100	1	1
478073at33208	1	1	1	100	1	1	1	100	100	100	100	100	100	100	100	100	100	1	100	100	1	1
478984at33208	1	1	0	0	1	1	0.01	1	1	1	1	0	1	1	0	1	1	1	1	100	1	1
480700at33208	1	1	0	0	1	1	1	100	1	1	100	1	1	1	1	1	1	1	1	100	1	1
480735at33208	1	1	0	1	1	1	0.01	100	1	1	1	0.01	1	1	0.01	1	0.01	1	1	100	100	1
481557at33208	1	1	1	0.01	1	0.01	0.01	1	1	1	1	0.01	1	1	0	1	1	0.01	1	0.01	1	1
482691at33208	1	1	0	100	1	0.01	1	100	1	100	100	0.01	1	1	1	1	1	1	1	100	1	1
483489at33208	1	1	0	0.01	1	1	1	100	1	1	1	1	1	1	1	1	1	0.01	100	1	0.01	1
485003at33208	1	1	0.01	100	1	1	1	100	100	100	1	0.01	1	1	1	1	1	1	1	1	1	100
485696at33208	1	1	0	1	1	1	0.01	1	1	100	100	1	1	1	1	1	100	1	1	100	1	0.01
486370at33208	1	1	0	100	100	1	1	100	1	1	1	0	1	1	0	1	1	0	1	100	1	1
486431at33208	1	1	0.01	1	1	0	0	0.01	100	1	0.01	0	1	1	0	1	1	0	1	0.01	1	1
486743at33208	1	0.01	0	0.01	0.01	0	0.01	0.01	0	0.01	0.01	0	1	1	0	0	0.01	0.01	0	0.01	100	100
486993at33208	1	1	0.01	1	1	1	1	1	1	1	1	0.01	1	1	0.01	0.01	1	0	1	1	1	0
487873at33208	1	0	0	0.01	1	0	1	1	1	1	1	0	1	1	0	1	1	0	1	1	1	0.01
487987at33208	1	1	0.01	0	1	0.01	0.01	100	1	1	1	0.01	1	1	0	1	1	0.01	1	1	1	100
488559at33208	1	1	0	1	1	0	1	100	100	100	1	0	1	1	0	1	1	1	1	1	1	100
488635at33208	1	1	0	0.01	1	0	0	1	100	1	0.01	0	1	0.01	0	1	1	0	1	0.01	1	1
489359at33208	1	1	0	100	1	1	1	100	1	100	100	0.01	1	1	1	1	100	1	1	100	1	100
489858at33208	1	1	0	0	1	0	1	1	1	1	1	0.01	100	1	1	1	1	1	1	1	1	1
489997at33208	1	1	0	1	1	0	0	0	1	1	0	0	1	1	0	0	1	0	0	0	0	0
490248at33208	1	0	0	1	1	0.01	1	1	1	1	100	0.01	1	1	1	1	1	0.01	1	100	1	1
490961at33208	0	0	0	0	0	0	0	0	0	0.01	0.01	0	0.01	0.01	0	0	0.01	0	0	0	1	0
491252at33208	1	1	0	0.01	1	1	0	1	1	1	1	0.01	1	1	0	1	1	1	1	100	1	1
491289at33208	1	1	0	100	1	1	0.01	1	1	1	100	0	1	0	0	1	1	1	1	1	1	1
492033at33208	1	1	0.01	0.01	1	1	1	1	1	1	1	0	1	1	1	1	1	1	1	100	1	0
493148at33208	1	1	0	0	0	0	0	1	0.01	0	0.01	0	1	1	0	0	1	0	1	0	1	100
493505at33208	0	0	0	0	0	0	0	0	0	0	0	0	0	0	0	0	0	0	0	0	1	1
493913at33208	1	0.01	100	0.01	1	1	0.01	1	1	0.01	1	0.01	1	1	0	0.01	1	0	1	1	1	1
494057at33208	1	1	0	1	1	1	1	1	1	1	1	1	1	1	0.01	100	1	0.01	1	100	1	1
495100at33208	1	1	1	100	1	1	1	1	100	1	1	1	1	1	1	1	1	1	1	100	1	1
495175at33208	100	1	0	0	1	1	0	1	1	1	1	0	1	1	0	1	1	0	1	0.01	1	1
495207at33208	1	1	0	1	100	1	1	1	1	1	100	0	1	1	0	0.01	100	0.01	1	1	100	1
495311at33208	1	1	0	0.01	1	0.01	0.01	1	1	0.01	1	0	100	1	0.01	0	1	1	1	0.01	1	0
495329at33208	0	0	0	0	0	0	0	0	0	0	0	0	0	0	0	0	0	0	0	0	1	1
495389at33208	1	1	1	0.01	1	1	1	100	0.01	100	100	1	1	1	0.01	1	100	0.01	1	1	1	1
495605at33208	1	1	0	1	1	0	0.01	100	1	0.01	100	1	1	1	0.01	1	1	0.01	1	1	100	0.01
495802at33208	0	0	0	0	0	0	0	0	0	0	0	0	0	0	0	0	0	0	0	0	0	0
495926at33208	1	1	0	0	1	0	0	0	0	100	1	0	0	1	0	1	1	0	1	100	1	0
496070at33208	1	1	0	0.01	1	1	0.01	100	1	100	1	0	1	1	0.01	1	1	0.01	1	100	1	100
496219at33208	1	1	0	1	1	0	0.01	100	100	100	100	1	100	100	0.01	100	100	1	1	1	1	1
498535at33208	1	1	0	0	1	0.01	0	1	0.01	100	1	0	1	1	1	1	100	0	1	100	1	0.01
500261at33208	1	1	0	0.01	1	0.01	0.01	1	1	1	100	0.01	1	100	0	1	1	0	1	1	1	0
500808at33208	0	0	0	0	0	0	0	0	0	0	0	0	0	0	0	0	0.01	0	0	0.01	0	0
501396at33208	0	1	0	0	100	0	0	1	1	1	1	0	1	1	0	100	1	0	1	1	1	1
501546at33208	1	1	0	1	1	1	1	100	100	100	100	1	1	1	1	100	1	1	1	100	1	1
501788at33208	1	1	1	1	1	1	0	100	1	1	100	0	0	1	0	1	1	1	1	1	1	100
502128at33208	0	0	0	0	0	0	0	0	0	0	0	0	0	0.01	0	0	0.01	0	0	0	1	1
502407at33208	1	1	1	0.01	1	0.01	0.01	100	1	1	100	0.01	1	1	0.01	1	1	0.01	1	100	1	1
502429at33208	1	0	0	0	1	1	0	100	1	0	1	0	1	1	0	1	100	1	1	1	1	0
502584at33208	0	0	0	0	0	0	0	0	0	0	0	0	0	0	0	0	0	0	0	0	1	0
502691at33208	1	1	0.01	1	1	0.01	1	100	1	1	100	0.01	100	100	0	100	1	0	1	100	1	100
503333at33208	1	1	0.01	1	0.01	1	0.01	100	1	1	1	0.01	1	1	0.01	1	100	1	1	1	1	100
503828at33208	0	0	0	0	0	0	0	0	0	0	0	0	0	0	0	0	0	0	0	0	100	1
504207at33208	100	1	0	0.01	1	0.01	0.01	100	100	0.01	100	0	1	1	0	1	1	1	1	1	1	1
504292at33208	1	1	1	1	1	1	1	100	100	100	100	1	100	100	0.01	100	100	1	1	100	1	1
504691at33208	0	0	0	0	0	0	0	100	1	0	1	0	1	0	0	1	0	0	0	0	1	1
504731at33208	1	1	100	1	1	1	1	100	1	1	100	1	1	1	1	1	100	1	1	100	1	1
504912at33208	0.01	1	0.01	1	1	0	1	100	100	100	100	1	0.01	0.01	0.01	100	1	1	1	100	0.01	0
505248at33208	1	1	0	1	1	1	0	100	1	1	1	0	1	1	0	1	1	0	1	1	1	1
505718at33208	1	1	0	0	0	0	0.01	0	1	0	1	0	1	1	0	0	1	0	1	1	1	1
508188at33208	1	1	0	0.01	0.01	0	0.01	100	1	0.01	1	0.01	1	1	0.01	1	1	1	100	1	1	1
508379at33208	1	1	0	1	1	0	0	100	1	1	100	0	1	1	0	1	1	0	1	1	1	1
508986at33208	0	0	0	0	0	0	0	0	0	0	0	0	0	0	0	0	0	0	0	0	0	0.01
509494at33208	1	1	1	1	1	100	100	100	100	100	100	100	100	100	100	100	100	100	1	100	1	0
509816at33208	1	0	0	0	1	1	0	1	1	1	1	1	1	1	0	1	1	1	1	1	1	100
510174at33208	1	1	0	1	1	1	0	1	1	1	1	0.01	1	1	0	1	1	0	1	0.01	1	1
510522at33208	1	1	0	0.01	1	1	0.01	1	1	1	1	0.01	1	1	0	1	1	0.01	1	0.01	1	0
510581at33208	1	1	0	0	1	1	0.01	1	1	1	1	0	1	1	0.01	0.01	100	1	1	1	1	1
511272at33208	1	1	0.01	0	1	0	0.01	1	1	100	1	0.01	100	100	0	1	100	0	1	1	100	1
511386at33208	1	1	0	1	1	1	0	1	1	1	100	1	1	1	0.01	1	1	1	1	1	1	100
511575at33208	1	1	0	0.01	1	0.01	1	100	1	1	1	0.01	1	1	0.01	1	1	0	1	1	1	1
511668at33208	1	1	0	1	100	0	0	1	100	1	100	0	1	1	0	100	100	0	1	1	1	1
514121at33208	1	1	0	1	1	1	0	100	1	1	100	0	1	1	1	1	1	1	1	100	1	100
514296at33208	1	1	0.01	0	1	1	1	1	1	1	1	1	1	1	1	1	1	0.01	1	1	1	0.01
514565at33208	1	1	1	0.01	1	1	1	1	1	0.01	100	1	1	1	0.01	1	1	0.01	1	100	1	1
514675at33208	1	1	0	0	1	1	0	1	1	1	1	0.01	1	1	0.01	1	1	0	1	1	1	1
514698at33208	1	1	100	1	1	1	0.01	100	1	1	100	1	1	1	1	1	1	1	1	100	1	1
514724at33208	1	1	0	0	1	1	0	1	1	1	100	0	1	1	0	1	100	0	1	100	1	1
514727at33208	1	0.01	0.01	0.01	0.01	0.01	0	0.01	0	0.01	0.01	0.01	1	1	0.01	0.01	0.01	0.01	1	0	1	1
514740at33208	1	0.01	0	1	1	1	1	100	1	1	100	1	1	1	0.01	1	1	0	1	100	1	100
514834at33208	1	1	0	1	1	1	1	1	1	1	1	1	1	1	1	1	1	1	1	100	1	100
514892at33208	1	1	0	0	1	1	0	0.01	1	1	1	0	1	1	0	1	1	0	1	0.01	1	1
515058at33208	100	1	0	0.01	1	0	0	1	0	1	1	0	1	1	0	1	1	0	0	1	1	1
515377at33208	100	100	0.01	0.01	1	1	1	100	1	100	1	1	100	100	1	100	100	1	100	100	1	0.01
515410at33208	1	1	0	0	1	0.01	0	1	1	1	0.01	0.01	1	1	0	1	1	0.01	1	1	1	0
515425at33208	100	1	0	0.01	100	1	1	100	100	100	100	1	100	100	1	1	100	1	100	100	100	100
515528at33208	1	1	0	0	1	1	0	1	1	1	1	0	1	1	0	1	1	1	1	1	0	1
515640at33208	1	1	0	1	100	1	1	100	100	1	100	0	1	1	1	1	1	1	1	100	1	100
516078at33208	1	1	0	1	100	1	0	1	0.01	1	1	0	100	100	0	100	1	0	0.01	1	1	1
516321at33208	1	1	0	1	1	1	1	100	1	100	100	1	1	1	0	100	1	1	1	1	1	1
516481at33208	1	1	0	1	1	0	0.01	1	1	1	1	0	1	1	0	1	1	0	100	0.01	1	1
516659at33208	0	0	0	0	0	0	0	0	0	0	0.01	0	0	0	0	0	0	0	0	0	0	0
516716at33208	1	1	0	0	100	0.01	0	0.01	0.01	0.01	0.01	0	1	1	0.01	0.01	0.01	0	0.01	0.01	1	1
517311at33208	100	1	0	1	1	0.01	1	100	1	1	100	1	1	1	1	1	1	1	1	100	1	1
517525at33208	1	1	100	100	1	1	1	1	100	1	1	0	1	100	0.01	100	1	1	1	100	1	100
517686at33208	1	1	0	1	1	1	1	100	1	100	100	1	1	100	1	100	100	1	1	100	1	0
517968at33208	1	1	0	1	1	0.01	1	100	1	100	100	1	1	1	1	100	1	1	1	100	1	0
518288at33208	1	1	0	0.01	1	1	0.01	100	1	1	1	0.01	1	1	0	0.01	1	1	1	100	1	1
518569at33208	1	0	1	1	1	1	100	100	1	1	1	0.01	1	1	0.01	1	1	1	1	100	1	1
518635at33208	1	0.01	0	0	0.01	0.01	0	0.01	0	0	0	0	1	1	0	1	1	0	0	0.01	0	1
519030at33208	1	1	0	1	1	0	1	1	1	100	1	0.01	1	1	1	1	100	0	1	100	1	0
519303at33208	1	1	0	0	1	0	0	1	1	0.01	0	0	1	1	0	0	1	0	1	0.01	1	0
519777at33208	1	1	0.01	0.01	1	0	0.01	0.01	1	0	0.01	0.01	1	1	0	0	1	0.01	1	0.01	1	100
520011at33208	1	1	0	1	1	1	0	1	1	1	1	0	1	0.01	0	1	1	0.01	0.01	100	1	1
521343at33208	1	1	1	0	0	0	1	1	1	1	1	0	1	1	0	0.01	1	0	1	1	1	0
522886at33208	1	1	0	0	100	0	0	1	0	1	1	0	1	0.01	0	0.01	1	0	1	0.01	1	1
522988at33208	0	0	0	0	0	0	0	0	0	0	0	0	0	0	0	0	0	0	0	0	0	0
523206at33208	1	1	0	1	1	1	1	1	100	100	100	0	1	1	0	1	1	1	1	100	1	0.01
523376at33208	0	0	0	0	0	0	0	0	0	0	0	0	0	0	0	0	0	0	0	0	0	1
523534at33208	1	1	0.01	1	1	1	1	100	1	1	100	0	1	1	0	1	1	0	1	100	1	1
524148at33208	0	0	0	0	0	0	0	0	0	0	0	0	0	0	0	0	0	0	0	0	1	100
524165at33208	0	1	0	0	0	0	0	1	1	1	0	0	1	1	0	0	1	0	1	0	1	100
524322at33208	1	1	0	0	0.01	0	1	1	1	0.01	1	1	100	1	0	1	1	0	1	100	1	100
525542at33208	100	100	1	1	100	1	100	100	100	100	100	0.01	100	100	100	100	1	1	100	100	100	100
525888at33208	1	1	0	0.01	1	0.01	0	1	1	1	1	0	0.01	1	0	1	1	0	0.01	0	1	1
526074at33208	1	1	0	0.01	1	1	1	100	1	1	100	0	1	1	0.01	100	100	0.01	100	100	1	100
526487at33208	1	1	0.01	0.01	1	0.01	1	100	100	100	100	1	1	0	0	1	100	1	100	100	1	1
526673at33208	0	0	0	0	0	0	0	0	0	0	0	0	0	0	0	0	0.01	0	0	0.01	0	0
526839at33208	0	0	0	0	0	0	0	0	0	0	0	0	0	0	0	0	0	0	0	0	0	0
527406at33208	1	1	0	0.01	1	1	1	1	0.01	1	0	0	1	0.01	0	1	1	0	1	0.01	1	1
528325at33208	1	1	1	1	1	1	1	100	100	100	100	0	100	100	1	100	100	1	100	100	1	1
529092at33208	1	1	1	0	1	0.01	0	0	1	1	0	0	1	1	0	1	1	0	1	0	1	0
529093at33208	1	1	1	1	1	0	1	100	100	100	100	1	1	1	0.01	1	1	1	1	100	1	1
529708at33208	0	0	0	0	0	0	0	0	0	0	0	0	0	0	0	0	0	0	0	0	1	0
529852at33208	1	1	0.01	1	1	0.01	1	1	100	1	1	1	1	1	1	1	1	1	1	100	1	0
530431at33208	0	1	0	0	0	0	0	0	0	0	0	0	0	0	0	1	0	0	0	0	1	1
532406at33208	1	1	0.01	1	1	1	0	1	100	1	100	0.01	1	1	0.01	1	100	1	1	100	1	1
532693at33208	1	1	0	0.01	100	0.01	0	1	0.01	0.01	100	0.01	100	1	0	0.01	100	0	1	0.01	1	1
532728at33208	1	1	0	1	1	0	0.01	1	1	1	100	0	1	1	0	1	100	0.01	1	1	0.01	0
532930at33208	1	0	0	0	0	0	0	0	0	0	0	0	1	0	0	0	1	0	0	0	1	1
533666at33208	1	1	0	1	1	1	0.01	100	1	100	100	0.01	1	1	0	1	100	0.01	1	100	1	1
533690at33208	1	1	0	0	1	0	0	1	1	100	100	1	1	1	1	1	1	0.01	1	1	1	1
534172at33208	0	0	0	0	0	0	0	0	0	0	0	0	0	0	0	0	0	0	0	0	1	1
534206at33208	1	1	0	0.01	100	0.01	0	1	1	1	1	0	1	1	1	1	1	1	1	100	1	1
534312at33208	1	1	0	1	1	0	0.01	1	1	1	1	1	1	1	0.01	1	1	0.01	1	1	1	1
534757at33208	0	0	0	0	0	0	0	0	0	0	0	0	0	0.01	0	0	0	0	0	0	1	0
534808at33208	1	1	0	0	1	0	1	1	1	1	100	1	1	1	0	1	1	1	1	100	1	100
535268at33208	1	1	0	0.01	1	1	1	100	1	1	1	0.01	1	1	0.01	100	1	1	1	100	1	100
535367at33208	1	1	0	0.01	100	0.01	1	1	1	100	1	0.01	1	1	1	1	1	0.01	1	100	100	100
535524at33208	1	1	0.01	1	1	0	0	1	1	1	1	0.01	1	1	0	1	1	0.01	1	100	1	1
535650at33208	1	1	1	1	1	0	1	100	100	100	100	1	100	100	0.01	100	1	0.01	1	100	1	1
535664at33208	1	0.01	0	0.01	0.01	0.01	0.01	1	1	1	1	0.01	1	1	0	1	1	0	0.01	0.01	1	1
535782at33208	1	1	0	0	100	1	1	100	1	100	1	0	1	1	0	1	1	1	1	100	1	0
535806at33208	1	1	0	0.01	0.01	0	1	100	1	1	100	1	1	1	0	1	1	0	1	1	100	1
536251at33208	1	1	0	0	1	0.01	0	1	0	100	1	0	1	1	0	0.01	100	0	0.01	0.01	1	0
537470at33208	1	1	1	1	1	1	1	100	100	100	100	1	1	1	1	100	1	1	100	100	1	1
537548at33208	1	1	0	0	0.01	0	0	1	1	1	0.01	0	1	1	0	1	1	0	1	1	1	1
537718at33208	1	1	0	1	1	0	0	1	0	1	0	0	1	0	0	0	0	0	0	0	1	1
537923at33208	100	1	0	0	1	1	0	1	1	1	1	0	1	1	1	1	1	0	1	1	1	1
538442at33208	1	1	0	1	1	0	0.01	100	1	1	1	0	1	1	0.01	1	1	0	1	100	1	1
539043at33208	1	1	0	0	1	0	0	1	1	1	0	0	1	1	0	1	1	1	1	1	1	0
539215at33208	0	0	0	0	0	0	0	0	0	0	0	0	0	0	0	0	0	0	0	0	0	0
539234at33208	1	0	0.01	1	1	0	1	100	1	1	100	0.01	1	1	0.01	1	1	1	1	1	1	0
539360at33208	1	1	0	1	1	1	1	100	1	100	1	1	1	100	0	100	1	1	1	100	1	1
539600at33208	1	1	0	0	1	0	1	1	1	1	1	0	1	1	0.01	1	1	0.01	1	1	1	0
540193at33208	1	1	0	0	1	0	0	1	0	1	0	0	1	1	0	0	1	0	1	0	1	1
541231at33208	1	0	0	0	0	0	0	100	0	0	1	0	0	1	0	0	0	0	1	1	1	1
541260at33208	1	1	0	0	100	0	1	1	1	100	100	1	1	1	0	1	100	1	1	1	100	100
541421at33208	1	1	0	0	1	0.01	1	100	1	100	100	0	1	1	1	100	100	0	1	100	1	1
543124at33208	1	1	0	1	1	1	1	1	1	1	1	0.01	1	1	1	1	1	0	1	1	1	1
543269at33208	1	1	1	1	100	0	1	100	1	1	100	1	1	1	0.01	1	1	1	1	1	1	1
544546at33208	0.01	0	0	0.01	1	0.01	0	1	1	1	1	0.01	100	1	0	100	1	0	1	1	1	0
544849at33208	0	0	0	0	0	0	0	0	0	0	0	0	0	0	0	0	1	0	0	0	1	1
544919at33208	1	1	0	1	0.01	0	0.01	100	1	1	0.01	0	1	1	0	0.01	1	0.01	0.01	1	1	0
545063at33208	1	1	0	0	1	0	0	0	0	1	1	0	1	1	0	1	1	0	0	0	1	0
545389at33208	1	1	0	1	1	1	1	100	100	100	100	1	100	1	0	1	100	1	1	1	1	1
545641at33208	1	1	0.01	0	1	1	1	1	1	100	1	0	1	1	1	100	1	0.01	1	100	1	1
545744at33208	1	1	0	0	100	1	1	100	100	1	100	0	100	1	0	100	1	0	1	1	1	0
545889at33208	1	1	0	1	1	1	1	100	100	100	100	1	1	1	1	100	1	1	1	100	1	1
546305at33208	0.01	1	0	0	1	0	1	1	1	100	1	1	0.01	0.01	0.01	100	1	0	1	100	1	1
546751at33208	1	1	0	0.01	100	0.01	1	1	1	1	100	1	1	1	0.01	1	1	1	1	1	1	1
547099at33208	0	0	0	0	0	0	0	0	0	0	0	0	0	0	0	0	0	0	0	0	1	0
547341at33208	1	1	0	1	1	1	1	100	100	100	100	1	1	1	1	1	1	1	1	100	1	1
547766at33208	1	0	0.01	0	1	1	1	100	1	1	1	0	1	1	0	1	1	1	100	1	1	1
548327at33208	1	0	0	0	0	0	0	1	1	1	1	0	1	1	0.01	1	1	0	1	1	1	1
548444at33208	1	1	0.01	1	1	1	100	100	100	100	100	1	100	100	1	100	100	1	1	100	100	1
548732at33208	1	1	0.01	1	1	1	1	100	100	100	100	1	1	1	1	100	100	1	1	100	1	1
549156at33208	1	1	0	0	1	0	0	1	1	1	1	0	1	1	0	0	1	0	1	0	1	1
549988at33208	0	0	0	0	0	0	0	0	0	0	0	0	0	0	0	0	0	0	0	0	1	100
551166at33208	1	1	1	1	1	0	1	100	100	1	100	1	100	100	1	1	100	1	100	100	1	1
551620at33208	0.01	0.01	0.01	0.01	0.01	0	0.01	0.01	0.01	0.01	1	0.01	0.01	0.01	0.01	0.01	0.01	0.01	0.01	1	1	1
551632at33208	1	1	0	1	1	1	1	100	1	1	100	0.01	1	1	0.01	1	1	1	1	100	1	0
551831at33208	1	1	0	0	1	0.01	0.01	1	1	1	1	0	1	1	0.01	0.01	100	0	1	100	1	1
552201at33208	1	1	0.01	100	1	1	1	100	100	100	100	1	1	1	1	100	100	100	1	100	1	1
552359at33208	1	1	0	0.01	1	1	0	1	1	1	0	0	1	1	0	1	1	0	1	1	1	0
552764at33208	1	1	0	0	100	1	0	1	1	1	1	0	1	1	1	1	1	1	1	1	1	1
552949at33208	0	0	0	0	0	0	0	0	0	0	0	0	0	0	0	0	0	0	0	0	1	0
553411at33208	0	0	0	0	0	0	0	0	0	0	0	0	0	0	0	0	0	0	0	0	0.01	1
553585at33208	1	0.01	0	0.01	100	0	1	100	100	1	100	1	100	1	1	1	1	0.01	1	100	1	1
554010at33208	1	1	0	1	1	1	1	1	1	1	1	0.01	1	1	0	1	1	0.01	1	1	1	1
554815at33208	0	0	0	0	0	0	0	1	0	0	1	0	1	0	0	0.01	1	0	1	1	1	0
555162at33208	1	1	0	100	1	1	1	1	1	1	1	100	100	1	1	1	1	1	100	1	1	100
555390at33208	1	1	1	1	1	0	100	100	1	1	100	100	100	100	100	100	100	100	100	100	1	0
555538at33208	1	1	0	0	1	0	1	0	0.01	1	1	0.01	1	1	0	0.01	1	0	1	0	1	0.01
556039at33208	0	0	0	0	0	0	0	0	0	0	0	0	0	0	0	0	0	0	0	0	0	0
556189at33208	1	1	1	100	1	0	0	1	1	1	0	0	1	1	1	1	1	1	1	0	1	1
556337at33208	100	1	0.01	1	100	1	100	100	100	100	100	100	100	100	100	100	100	100	100	100	1	0
556445at33208	0.01	0	0	0.01	0.01	0	0.01	0.01	0.01	0.01	1	0.01	0.01	0.01	0.01	0.01	0.01	0	0.01	0.01	1	0
556461at33208	0	0	0	0	0	0	0	0	0	0	0	0	0	0	0	0	0	0	0	0	1	0
556510at33208	1	1	0	1	1	0	0	100	0	100	100	0	100	1	0	1	1	1	0	100	1	100
556587at33208	1	1	0	1	1	0	0	100	1	1	100	1	1	1	0	100	1	0.01	1	100	1	0.01
556750at33208	1	1	0	0.01	1	0	0	1	1	1	1	0	1	100	0	0.01	1	0.01	1	1	1	0
556925at33208	1	1	0	1	1	0	1	1	1	1	0.01	0	1	1	0	1	100	0	1	1	1	1
557292at33208	1	1	1	1	1	1	100	100	100	100	100	1	1	1	0.01	100	100	1	0.01	100	1	1
557596at33208	1	1	1	1	1	1	100	100	100	100	100	1	100	100	100	100	100	100	100	100	1	1
557694at33208	0	0	0	0	0	0	0	0	0	0	0	0	0	0	0	0	0	0	0	0	0	0
557834at33208	1	1	0.01	100	100	0.01	1	1	100	1	1	0.01	1	1	0	0.01	1	0.01	1	1	1	0
557962at33208	1	1	0	1	1	0.01	1	100	1	1	100	0.01	1	1	0.01	1	1	1	1	100	1	1
558368at33208	1	1	0	1	1	0	1	1	1	1	1	0	1	1	0	1	1	1	1	100	1	0
558385at33208	0	0	0	0	0	0	0	0	0	0	0	0	0	0	0	0	0	0	0	0	0	0
558552at33208	1	1	0.01	1	1	1	1	100	100	100	100	1	1	100	1	100	1	100	1	100	1	0.01
558791at33208	1	1	0	1	100	1	100	100	1	100	1	1	1	100	0	100	100	1	1	100	1	0
558897at33208	1	1	0.01	0	1	0	0	1	1	1	1	0.01	1	1	0	1	1	0	1	100	1	1
558933at33208	1	1	0	1	1	1	0.01	1	1	1	100	1	1	1	1	100	1	1	1	100	1	1
559146at33208	0	0	0	0	0	0	0	0.01	0	0	1	0	0	0	0	0	0	0	0	0	0.01	0
559501at33208	1	0	0	0	1	0	0	1	0	0	0	0	1	1	0	1	1	0.01	1	1	100	1
559576at33208	0	0	0	0	0	0	0	0	0	0	0	0	0.01	0	0	0	0	0	0	0.01	1	0.01
559732at33208	0.01	0.01	100	0.01	0.01	0.01	0.01	0.01	0.01	0	0.01	0	0	0.01	0.01	0.01	1	0	0.01	0.01	1	100
559883at33208	1	1	0	1	1	0	1	100	1	1	1	1	1	1	0.01	1	1	1	1	1	1	1
560453at33208	1	1	100	100	1	0	100	100	100	100	100	100	100	100	100	100	100	100	100	100	100	1
560566at33208	0	0	0	0	0	0	0	0	0	0	0	0	0	0	0	0	0	0	0	0	0	0
560584at33208	1	1	0.01	1	1	0	0	1	1	1	1	0	100	1	0	1	1	1	1	0	1	0
560694at33208	1	1	0.01	1	1	1	1	1	1	1	1	1	1	1	1	1	1	0.01	1	1	1	1
561054at33208	1	1	0	0	1	0	0	1	1	1	1	0	1	1	0	1	1	0	1	0	0.01	1
561248at33208	1	1	0	0	1	0	0.01	1	1	1	1	0	1	1	0	1	1	0	1	1	100	0
561417at33208	1	1	0.01	1	1	1	1	100	1	1	100	1	1	1	1	1	1	1	0	1	1	1
561688at33208	1	1	0.01	0	1	0.01	0	0	0.01	1	0	0	0	0	0	0	1	0	0	0	1	0.01
561878at33208	1	1	0	0	1	0	0	100	1	100	1	0	1	1	0.01	1	100	1	1	100	1	0
561943at33208	1	1	100	0	0	0	1	100	100	100	100	1	100	100	0.01	100	100	1	1	100	1	1
562780at33208	1	0	0.01	1	1	0.01	0.01	1	1	1	100	1	1	1	1	1	1	1	1	1	0.01	1
563084at33208	0.01	0	0.01	0.01	0.01	0	0	0	0	0	0	0	0	0	0	0	0	0	0	0	1	0
563358at33208	1	1	1	1	1	1	0	100	1	100	0.01	0	1	1	0	1	1	1	1	1	1	1
563359at33208	1	1	0	0.01	100	0	0	1	1	100	100	0	1	1	1	1	1	1	1	1	1	1
563426at33208	1	1	0	1	1	0.01	0	1	0.01	1	1	0.01	1	1	0.01	1	100	0.01	1	1	1	0
563679at33208	1	1	1	0.01	1	0	0	100	1	100	100	1	1	1	0	1	1	0	1	100	1	1
563832at33208	1	1	0	1	1	0	1	1	1	0	1	0	1	1	0	1	1	0	1	1	100	0
564234at33208	1	1	0	0	1	1	0	1	1	100	1	0	1	1	0	100	1	0.01	1	1	1	1
564286at33208	1	1	0	1	100	0	0	1	1	0	1	0	1	1	1	1	1	1	1	1	1	1
565053at33208	1	1	0	0	0.01	0	0.01	1	1	0.01	1	0	1	1	0	0.01	1	0.01	1	0.01	1	0
566026at33208	0.01	0	0	0	1	0	0.01	1	1	1	1	0	1	1	0	1	1	0	1	1	1	100
566116at33208	1	1	0.01	0.01	1	0.01	1	100	0	100	1	1	1	1	1	100	100	1	1	1	100	100
566262at33208	1	1	1	1	1	0.01	1	100	1	1	100	0	1	1	1	1	100	1	1	100	1	0
566447at33208	1	1	0.01	0.01	100	1	1	100	100	1	0.01	1	1	1	0	1	1	1	1	100	1	1
566527at33208	1	0	0	1	0	0.01	0	1	1	100	100	1	1	1	0	100	1	1	1	100	1	100
566916at33208	0.01	0.01	0	0.01	1	0	0.01	100	0.01	0.01	1	0.01	0.01	0.01	0	0.01	0.01	0.01	1	0.01	1	0.01
567650at33208	0	0	0	0	1	0	0	1	1	1	100	0	0	0	0	100	0.01	0	0	1	1	1
567750at33208	1	1	1	1	1	1	1	100	100	100	1	1	1	1	1	100	1	1	1	100	1	0.01
567809at33208	1	1	0.01	1	1	1	100	100	100	100	100	100	100	100	100	100	100	100	100	100	1	1
568022at33208	1	1	1	1	1	1	100	100	1	100	100	100	1	1	100	100	100	100	100	100	1	1
568170at33208	0	1	0	1	1	0	0	1	1	100	1	0	0	0	0	1	100	0	0	0	1	0.01
568839at33208	1	1	0	1	0.01	0.01	0	1	1	1	1	0	100	1	0.01	1	100	0	1	0.01	1	1
568949at33208	0	0	0	0	0	0	0	0	1	0	1	0	0	0	0	0	0	0	0	0	1	1
569294at33208	1	1	0	1	1	1	1	100	0.01	100	100	0	1	1	0.01	1	1	1	1	1	1	1
569303at33208	0	1	0	0	1	0	1	0	1	0	0	0	0	0	0	0	1	0	0	0	1	1
569812at33208	0	0	0	0	0	0	0	0	0	0	0	0	0	0	0	0	0	0	0	0	1	1
569878at33208	0.01	1	0.01	0.01	0.01	0	0	0.01	0.01	0.01	0.01	0.01	1	100	0	0.01	0	0.01	0.01	0.01	1	1
570262at33208	1	0	1	1	1	1	1	100	100	100	1	1	1	1	1	1	1	1	1	100	1	1
570646at33208	1	1	1	1	1	1	0	100	1	1	1	1	1	1	0.01	1	1	0.01	1	1	1	1
570717at33208	1	1	1	1	100	1	1	1	1	1	100	1	1	1	1	1	1	1	100	100	1	0
571149at33208	1	1	0	0	100	0	0	0.01	0.01	0	0	0	1	1	0	0.01	0	0	0	0	0	1
571944at33208	0	0	0	0	0	0	0	0	0	0	1	0	0	0.01	0	0	0	0	0	0.01	0	0
572074at33208	1	1	0	0	100	1	0.01	1	1	1	1	1	1	1	0.01	0.01	1	0	1	1	1	1
572434at33208	1	1	0.01	1	1	1	1	1	1	100	100	1	100	100	0	100	100	100	1	100	1	1
572463at33208	1	1	0	1	1	0.01	0.01	100	1	1	0.01	0	1	1	0	1	1	0	1	100	1	1
572754at33208	1	1	1	1	1	1	1	100	100	100	100	1	1	1	1	100	1	1	1	100	1	1
572845at33208	1	1	0	0.01	100	0.01	1	1	1	100	100	1	1	1	0	1	1	1	1	100	100	1
573203at33208	1	1	0	0	1	0	0	1	1	0.01	0	0	100	1	0	1	1	1	1	0	1	1
573237at33208	1	1	0	0	1	0	0	1	1	1	1	0	1	1	0	0	1	0	1	1	1	0
573313at33208	100	100	0	100	100	0	0	1	0	100	0	0	1	100	0	1	100	0	1	0	1	1
574311at33208	1	1	0	0	1	0	0	100	1	0	1	1	100	1	0	0	1	0	1	1	1	1
575360at33208	0	0	0	0	0	0	0	0	0	0	0	0	0	0	0	0	1	0	0	0	1	0
576633at33208	1	1	1	100	100	1	1	100	100	100	100	1	1	1	1	100	1	1	1	100	1	100
576938at33208	0	0.01	0	0.01	100	0	0.01	1	0.01	0.01	0.01	0.01	0.01	0.01	0	1	0.01	0.01	1	0.01	1	0.01
576997at33208	0	0	0	0	0	0	0	0	0	0	1	0	0	0	0	0	1	0	0	1	1	100
577068at33208	1	1	0	0	100	0	1	100	1	1	100	1	1	1	0.01	1	1	1	1	1	0.01	1
577339at33208	0	0.01	0	0	0.01	0	0	0	0	0.01	0	0	0	0.01	0.01	0	0	0	0	0	1	0
577929at33208	0	0	0	0	0	0	0	0.01	0.01	0.01	0.01	0	0	0.01	0	0.01	1	0	1	0	0.01	0.01
578354at33208	1	1	1	1	1	1	100	100	100	100	100	100	100	100	100	100	100	100	100	100	1	0
578582at33208	1	1	0	1	100	1	1	1	100	100	100	1	1	1	1	1	0	1	1	100	1	0
578684at33208	1	0.01	0.01	0	0.01	0	0.01	1	100	1	100	0	100	1	0	100	1	1	1	1	1	100
578726at33208	1	1	0	1	1	0.01	0.01	1	1	1	100	0.01	1	1	0.01	100	1	1	1	1	1	100
578734at33208	1	1	0	1	1	0	0	100	1	1	100	1	1	1	0	1	1	0	1	100	1	100
578959at33208	1	1	1	0	1	1	0	1	1	1	1	1	1	1	0	1	1	1	1	100	100	0
579029at33208	1	1	0	1	1	1	1	100	100	100	1	1	100	100	0	1	100	0	1	1	1	1
580062at33208	1	1	0	0	1	1	0	100	1	1	1	0.01	1	1	0	1	1	0	1	1	1	0
580288at33208	1	1	0.01	100	1	1	100	100	100	100	100	100	100	100	1	100	100	1	100	100	1	1
580851at33208	1	1	0.01	0.01	1	0	1	1	1	1	100	1	1	1	0	100	1	0.01	1	1	0.01	1
580896at33208	0	0	0	0	0	0	0	0.01	0	0	0	0	0	0.01	0	0	0	0	0	0.01	1	0
581006at33208	1	0	0	1	100	0	0	100	1	1	100	0	100	100	0	1	100	0	0.01	1	1	1
581475at33208	1	1	0	0	1	0	1	100	1	1	1	1	1	1	1	1	100	0	1	1	1	1
581543at33208	1	1	0	1	1	0	1	100	1	100	100	1	1	1	0.01	100	100	1	1	100	1	1
581547at33208	1	1	1	1	1	1	100	100	100	100	100	1	100	100	1	100	100	100	100	100	1	0
581621at33208	1	1	100	1	1	1	1	100	100	100	100	100	100	100	100	100	100	100	100	100	1	1
581717at33208	1	1	0	0	100	0	0	1	1	1	100	0	1	1	0	1	1	1	1	1	1	1
581779at33208	1	1	0	0.01	1	0	0.01	1	1	1	1	0	1	1	0	1	1	1	1	100	1	1
582265at33208	1	1	0	0.01	1	1	1	1	1	0	1	0	1	1	0.01	0.01	1	1	1	1	1	1
582341at33208	1	1	1	1	1	0	100	100	100	100	100	100	100	100	100	100	100	1	100	100	1	100
582473at33208	1	1	1	1	100	0	0.01	1	1	1	1	0	1	1	0.01	1	1	1	1	0.01	1	0
582823at33208	0	0	0	0	0	0	0	0.01	0	0	0.01	0	0	0	0	0	0	0	0	0.01	0.01	0.01
582951at33208	0	0	0	0	0	0	0	0	0	0	0	0	0	0	0	0	0	0	0	0	100	0
583626at33208	0	0	0	0	0	0	0	1	1	1	1	0	1	0	0	1	0.01	0	1	1	1	0
584023at33208	1	1	0.01	1	1	0.01	1	100	1	1	1	0.01	1	1	1	1	1	0.01	1	100	1	0
584333at33208	0	0	0	0	0	0	0	0	0	0	0	0	0	0	0	0	0	0	0	0	1	1
584373at33208	1	0	1	0	0	0	0	0	1	0	0	0	1	1	0	0	0	0	1	0	1	0
585078at33208	100	1	1	1	1	0.01	1	100	1	100	1	1	1	1	1	100	1	1	1	100	1	0
585232at33208	1	0	0	0	0	0	0	0	0	0	0	0	0	1	0	0	1	0	0	0	1	1
585305at33208	0	0	1	0	1	0.01	1	1	100	0	0	0	1	0	0	0	100	0	100	1	1	0
585313at33208	1	1	0	1	1	0	1	1	1	1	1	1	1	1	1	1	100	1	1	100	1	1
585656at33208	1	1	0.01	1	1	1	1	1	100	1	1	0.01	1	100	0.01	1	1	0	100	100	1	1
585726at33208	1	1	0	0	1	0	0	1	1	1	1	1	0	1	1	0.01	0	0	1	0	100	1
585809at33208	1	100	0	1	100	0.01	1	1	1	1	100	0.01	1	1	0	1	1	0	1	1	1	0
586156at33208	1	1	100	0.01	1	1	0	100	1	100	100	1	1	100	1	1	100	0.01	1	100	1	0
586310at33208	1	1	0.01	0	0	0	1	1	1	100	0.01	1	1	0	0.01	0.01	100	1	1	1	1	100
586690at33208	1	1	1	1	100	1	1	100	1	100	1	1	100	1	1	100	100	1	100	100	1	1
586719at33208	1	1	0	0	1	1	1	100	100	100	100	1	1	1	0	100	1	1	1	100	1	1
587399at33208	1	1	0	0	1	0	0	0	1	1	0	0	1	1	0	0	1	0	0	0	1	1
587407at33208	1	0	0	0	0	0	0	0	0	0	1	0	1	1	0.01	0.01	0	0	0	0.01	1	1
587513at33208	1	1	0.01	1	1	0.01	0	1	1	1	1	0	1	1	1	1	1	0.01	1	1	1	100
587688at33208	0	0	0	0	0	0	0	1	0	0	1	0	0	0	0	0	1	0	0	1	0	0
587958at33208	100	1	0.01	1	1	1	0	100	100	100	100	0	1	100	1	100	100	1	100	100	1	0.01
589773at33208	1	1	0	1	0	1	1	1	1	1	100	0	1	1	0	100	100	1	1	100	1	1
589901at33208	1	1	0	1	1	1	0.01	100	1	1	1	0	1	1	0	1	1	0.01	1	100	1	1
590221at33208	1	0	0	0	0	0	0	0	0	0	0	0	0	0	0	0	0	0	0	1	1	1
590347at33208	0	0	0	0	0	0	0	0	0	0	0	0	0	0	0	0	0	0	0	0	0	1
590416at33208	1	1	100	1	1	1	1	100	100	100	100	1	1	1	0.01	100	100	1	1	100	1	1
590470at33208	1	1	0	0.01	1	1	1	1	1	1	1	1	1	1	0.01	1	1	0.01	1	1	1	0
591316at33208	0.01	0.01	0	0.01	1	0	0	0	0	1	0.01	0	0	1	0.01	1	0	0	1	0	1	0
591391at33208	0	0	0	0	0	0	0	0	0	0	0	0	0	0	0	0	0	0	0	0	0	0
591498at33208	1	1	0	1	100	0.01	1	1	1	1	100	1	1	1	1	1	1	1	1	1	1	0
592087at33208	1	1	0	0	0	0	0	0	0	0	1	0	1	1	0	1	1	0	1	1	1	1
592094at33208	1	1	1	1	1	0.01	1	100	1	100	1	1	1	1	0.01	1	1	1	1	1	1	100
592759at33208	1	0.01	100	0	1	1	100	0.01	1	100	1	0	1	1	0.01	1	0.01	0	1	1	1	1
592872at33208	1	1	0.01	1	1	0.01	0	100	1	1	1	1	1	1	0.01	1	1	1	1	1	1	1
594172at33208	1	1	1	0	1	1	1	100	100	100	100	100	100	100	1	100	100	0	100	100	1	1
594271at33208	1	1	0	1	1	1	1	1	1	100	1	1	1	1	0	1	100	1	1	1	100	1
594842at33208	1	1	1	1	1	0	1	1	1	100	100	1	1	1	0	100	100	1	1	100	1	1
594937at33208	1	1	0.01	0	100	1	0.01	1	1	1	0.01	0	1	1	0	1	1	0	1	1	1	0
595010at33208	1	1	0	1	1	1	0.01	100	0.01	1	1	1	1	0	0	1	1	1	1	1	1	1
595316at33208	1	1	0	0	100	1	1	100	1	1	100	1	1	1	0.01	100	1	1	1	1	0.01	1
595404at33208	1	1	0	1	1	1	1	100	1	100	1	1	1	0	1	1	1	1	1	1	1	1
595858at33208	1	1	0	0.01	0.01	0	0.01	1	1	1	1	0.01	1	1	0	1	1	0	0.01	0.01	1	1
596131at33208	1	1	1	1	1	0	1	100	1	1	100	1	1	1	0.01	1	100	1	1	100	1	1
596973at33208	0	0	0	0	0	0	0	0.01	0.01	0.01	0.01	0.01	0	0	0	0.01	0.01	0.01	0.01	0.01	1	100
597023at33208	1	0.01	0.01	0.01	0.01	0.01	0	1	0.01	0.01	0.01	0	1	0.01	0	0.01	1	0	1	100	0.01	0.01
597816at33208	1	1	1	0	1	1	1	1	1	1	100	1	1	100	1	1	100	1	100	100	0	0
598405at33208	1	1	1	0	1	0	1	100	100	100	100	0	1	1	1	100	100	1	1	100	1	1
598944at33208	1	1	0	1	1	0	1	1	1	100	100	0	1	100	0.01	100	100	1	1	1	1	0.01
599320at33208	1	0	1	0	1	1	100	100	100	1	100	100	100	100	100	100	100	1	1	1	1	100
600462at33208	1	1	0	0	1	1	1	1	1	1	100	1	0.01	1	0	0.01	1	0.01	1	1	1	1
600823at33208	1	1	0	0	1	0	0	1	0	0.01	0	0	1	1	0	0.01	1	0.01	1	0	1	0
601242at33208	1	1	1	1	1	0.01	0	100	1	100	100	1	1	1	0.01	100	1	0.01	1	100	1	1
601650at33208	1	1	1	0	1	1	1	100	1	1	1	1	1	1	0	1	100	1	1	100	1	0
601768at33208	0	0	0	0	0	0	0	0.01	0.01	0	1	0	1	0	0	1	0	0	0	1	0	0
601875at33208	0	0	0	0	0	0	0	0	0	0	0	0	0	0	0	0	0	0	0	0	1	100
601886at33208	0	0	0	0	0	0	0	0	0	0	0	0	0	0	0	0	0	0	0	0	0	1
601967at33208	100	1	0	0	1	1	100	100	1	1	100	1	0	1	0	100	1	1	1	100	1	1
602089at33208	0	0	1	1	1	0	1	100	100	1	100	1	100	100	1	100	1	1	1	100	1	100
602148at33208	1	0.01	1	0.01	0.01	0.01	1	1	1	100	100	0.01	1	0.01	0.01	1	1	0.01	1	1	100	1
602587at33208	1	0	0	0	100	0	0.01	1	100	0	1	1	1	1	0	1	1	0	1	1	1	1
603239at33208	0	1	0	0	0	0	100	0	1	0	0	0.01	0	0	0	0	100	0	0	0	1	1
603370at33208	1	1	0.01	1	1	1	1	100	100	100	100	100	100	100	100	100	100	1	100	100	1	0
603609at33208	1	1	1	0	100	1	0	100	1	1	1	1	1	1	1	1	1	1	1	100	0.01	0
603673at33208	1	1	0	1	1	0.01	1	100	100	1	100	0	1	1	1	100	1	0	100	100	100	1
604211at33208	1	0	0.01	0	100	0	0	1	0.01	1	0.01	0	1	1	0	1	1	0	0	0	1	1
604943at33208	1	1	1	1	1	1	0	100	1	100	100	1	100	100	1	100	100	1	1	1	1	1
605189at33208	0.01	0	0	0	0.01	0	0	0	0.01	0.01	0.01	0.01	0.01	0.01	0	0.01	0.01	0	0.01	0.01	1	1
606048at33208	1	1	0	1	100	0	1	100	100	1	100	1	1	1	0	100	100	1	100	100	1	0
606539at33208	1	1	1	0	1	1	100	100	100	100	100	100	100	100	100	100	100	100	100	100	1	100
606748at33208	1	1	1	1	1	100	1	100	100	100	100	1	1	1	0	100	0	100	1	100	1	0
606776at33208	0.01	1	0	0.01	1	0	1	100	100	100	100	0.01	0.01	0.01	0	100	1	1	100	1	0.01	1
606795at33208	0	0	0	0	0	0	0	0	0	0	0	0	0	0	0	0	0	0	0	0	1	0
606958at33208	1	1	0	0	1	0	0	1	1	0	100	0	1	0	0	0	0	0	0	1	1	100
607862at33208	1	1	1	100	100	1	100	100	1	1	1	100	100	100	1	100	100	100	100	100	100	1
608011at33208	0	0	0	0	0	0	0	0	0	0	0	0	0	0	0	0	0	0	1	1	1	0
608074at33208	1	1	0	1	1	1	0.01	1	1	1	100	0	1	1	0.01	100	1	1	1	100	1	1
608190at33208	1	1	1	0.01	100	1	0	100	100	100	100	1	1	1	1	1	1	1	0	100	1	1
608669at33208	0	0	0	0	0	0	0	0	0	0	0	0	0	0	0	0	0	0	0	0	0	0
608869at33208	1	1	0.01	0	100	1	1	1	1	100	100	1	1	1	1	100	1	1	100	100	1	0
608924at33208	1	1	1	100	100	0	100	100	100	100	100	100	100	100	100	100	100	100	100	100	1	1
609899at33208	1	1	1	0	100	0	1	100	1	1	100	1	100	1	0	1	1	1	1	0.01	1	0
610427at33208	1	1	1	1	1	1	1	100	1	100	100	1	1	1	0	100	1	1	1	100	1	0
610541at33208	0	0	0	0	0	0	0	0	0	0	1	0	0	0	0	0	0	0	0	1	1	0.01
611258at33208	1	1	0	1	100	0.01	0	1	1	1	1	0	1	1	0.01	1	100	1	1	0.01	1	1
611279at33208	1	1	0.01	0	1	0.01	0.01	1	1	1	1	0.01	1	1	0.01	1	1	0	1	1	1	1
611373at33208	1	1	0.01	0	0	0	1	1	1	100	100	0	1	1	1	1	100	0	100	100	1	1
611891at33208	1	1	0	1	1	0	1	100	1	100	100	1	1	1	0	100	1	0	1	1	1	1
612760at33208	1	1	0	1	1	1	0	1	1	1	1	0	1	1	0	100	100	0	1	0	1	1
612825at33208	0.01	0.01	0	0	0.01	1	1	1	1	0.01	1	0.01	0	1	0	0.01	1	0	1	1	1	0
613522at33208	0	0	0	0	0	0	0	0	0	0	0	0	0	0	0	0	0	0	0	0	0	1
613580at33208	1	1	0	1	1	1	1	1	1	1	1	0.01	1	1	0.01	1	100	1	1	100	100	1
613851at33208	1	1	1	1	1	1	100	100	1	1	100	1	100	100	1	100	100	100	1	100	1	1
614305at33208	0	0	0	0	0	0	0	1	0	0	0	0	0.01	1	0	0	0	0	1	0	0	0
615531at33208	1	1	1	1	1	0	0	0	1	0	1	0	0	0	1	0	1	0	0	1	100	1
615585at33208	1	1	0	0	100	0	0	0.01	1	1	1	0	1	1	0	1	1	0	1	100	1	0
615840at33208	0	0	0.01	0	0	0	0	0	0	0	0	0	0	0	0	0	0	0	0	0	1	0
616120at33208	1	1	1	1	1	1	1	100	100	100	100	1	1	1	0	100	100	1	1	100	1	0.01
616149at33208	1	1	1	1	1	1	0	1	0	1	1	0	1	0.01	0	1	1	1	1	0	1	0
616613at33208	1	1	0.01	0	1	0	0	1	1	1	1	1	1	0	1	1	1	0	1	0	1	1
616716at33208	1	1	100	1	1	1	1	100	100	100	100	1	1	100	1	100	100	1	100	100	1	1
617020at33208	1	1	0	0	0	0	0	0	0	1	0	0	0	1	0	0	1	0	0	0	1	100
617441at33208	1	1	0	1	1	0.01	100	100	100	1	100	1	100	100	1	100	100	100	100	100	1	0
617522at33208	1	0	0	0	1	0	1	100	1	1	1	1	100	1	0	1	100	0	1	0	1	1
617667at33208	1	1	1	0	1	1	1	1	1	0	0	0	1	1	0	0	0	1	0	0	1	1
618339at33208	1	0	0	0	1	0	0	1	0	1	1	0	1	1	0	1	0	0	1	0	0	1
618421at33208	0	0	0	0	0	0	0	0	0.01	0	0	0	0	0	0	0	0	0	0	0	1	1
618516at33208	1	1	0	0.01	1	0	0	1	1	1	1	1	1	1	0.01	1	1	0.01	1	100	1	1
618986at33208	1	1	0	0	1	1	1	100	1	1	1	0	1	100	0.01	1	1	1	100	100	1	0.01
619250at33208	0	0	0	0	0	0	0	0	0	0	0	0	0	0	0	0	0	0	0	0	1	0
619326at33208	1	1	0	1	1	0	1	100	100	100	100	1	1	100	1	100	100	1	1	100	1	0
619415at33208	1	1	0.01	100	1	0	0.01	0.01	1	1	1	0	100	1	0	1	1	0	1	0.01	1	1
620546at33208	1	1	1	1	100	1	0	100	1	1	1	1	100	1	0	1	1	0	1	1	1	1
620753at33208	1	1	0	1	1	0.01	1	1	1	1	1	1	1	1	1	1	1	1	1	1	0	1
621585at33208	1	1	0	0.01	1	1	0.01	100	1	100	1	1	100	1	0	1	1	1	1	100	1	1
621808at33208	1	1	1	0	100	0	0	100	100	100	100	1	100	1	1	100	1	1	1	100	1	0
622156at33208	1	1	0	0	0.01	0	1	1	1	1	0	0	1	1	0	1	0.01	0	1	0.01	1	1
622172at33208	0.01	0.01	0	0.01	0.01	1	0.01	0.01	0.01	0.01	0.01	0	0.01	0.01	0	0.01	0.01	0.01	0.01	0.01	0.01	0
622270at33208	1	1	1	1	1	1	0	100	1	100	100	0	100	100	0	100	100	0	100	100	1	1
622461at33208	1	1	1	1	1	1	100	100	100	100	100	100	100	100	100	100	100	100	100	100	100	1
622560at33208	1	1	1	0.01	1	1	100	1	100	100	100	100	1	100	100	100	100	1	100	100	1	1
623138at33208	1	1	1	1	1	0.01	1	100	1	100	1	0	0	1	0	1	100	0	1	0.01	1	1
623324at33208	1	1	1	1	1	1	1	100	100	100	100	100	100	100	100	100	100	100	100	100	0.01	1
623444at33208	1	1	0	0.01	1	1	1	1	1	1	100	0.01	1	100	0.01	1	1	1	100	100	1	1
623995at33208	0	0	0	0	1	0	0	0	0	0	0	0	0	0	0	0	1	0	0	0	1	0
625077at33208	1	1	1	1	1	1	1	100	1	100	100	1	1	1	1	100	100	0	1	100	1	0.01
625091at33208	0	0	0	0	0	0	0	0	0	0	0	0	0	0	0	0	0	0	0	0	1	0
625769at33208	1	1	1	0	100	1	1	100	1	1	100	1	1	1	1	1	100	1	1	100	1	1
628082at33208	1	0	0	0	1	0	0	1	0	0	1	0	0	0	1	0	0	0	0	0	1	1
628231at33208	0	0	0	0	0	0	0	0	0	0	0	0	0	0	0	0	0	0	0	0	1	0
628247at33208	1	1	0.01	100	1	1	1	100	1	100	100	1	1	1	1	100	1	0.01	1	100	1	1
629763at33208	1	0	0	1	1	0	0	1	0	0	0	0	0	0	0	1	1	0	0	0	1	1
630073at33208	0	0	0	0	0	0	0	0	0	0	0	0	0	0	0	0	0	0	1	1	1	0
631107at33208	0.01	0.01	0	0.01	0.01	0.01	0.01	0.01	0.01	0.01	1	0.01	1	1	0	0.01	0.01	0.01	1	0.01	100	1
631173at33208	1	0	0	1	1	0	1	1	1	100	100	1	1	1	1	1	1	1	1	100	1	1
631196at33208	1	1	0	1	1	1	1	100	1	100	100	0	1	1	0	100	1	0.01	100	100	100	100
631662at33208	1	0	1	1	1	1	100	100	100	100	100	100	100	100	100	100	100	100	1	100	0	1
631767at33208	0	0	0	0	0	0	0	0	0	0	0	0	0	0	0	0	0	0	0	0	1	0.01
631798at33208	0	0	0	0	0	0	0	0	0.01	0	0	0	0	0	0	0	1	0	0	0	1	1
631811at33208	1	1	0	1	1	1	0	1	1	1	100	0	1	1	0	1	100	1	1	1	1	0.01
632234at33208	1	1	1	1	100	0.01	100	100	100	100	100	100	100	100	100	100	100	100	100	100	1	0.01
632472at33208	1	1	0	100	1	0	1	100	1	100	100	0	1	1	1	1	1	1	1	100	1	1
632566at33208	1	1	0	0	1	0.01	1	100	1	100	100	1	1	1	0	1	100	1	100	100	100	0
633007at33208	0	0	0	0	0	0	0	1	0	0	1	0	1	0	0	0	0	0	0	1	0	0
633282at33208	0	0	0	0	0	0	0	0	0	0	0	0	0	1	1	0	1	0	0	0	100	1
633619at33208	0	1	0	1	1	0	1	100	100	100	100	0	0	1	1	1	1	1	1	100	1	1
634446at33208	1	1	1	1	1	0.01	0	100	100	0	1	1	0	0	0	100	1	0	0	100	1	0.01
634447at33208	1	1	0	1	1	1	1	100	1	100	100	1	1	1	0	100	100	1	1	1	1	0
636041at33208	1	1	0	100	1	0	1	100	1	1	100	0	1	1	0	1	1	0	1	100	0.01	1
636070at33208	1	0	0	0	1	0.01	1	100	100	100	100	0	1	1	1	100	1	1	1	100	1	0.01
636300at33208	1	1	100	1	1	1	1	100	100	100	100	1	100	100	1	100	100	1	1	100	1	100
636423at33208	1	0.01	100	1	1	0.01	1	100	100	100	100	0	1	1	0	100	1	1	1	100	1	0
637971at33208	0	0	0	0	0	0	0	0	0	0	0	1	0	0	0	0	1	0	0	0	1	0
638541at33208	0	0	0	0	0	0	0	0	0	1	1	0	1	0	0	1	0	0	0	0	1	1
639252at33208	1	0	0	0	1	0	0	100	1	1	1	0	1	0	1	1	1	0	1	1	1	1
640187at33208	0	0	0	0	0	0	0	0	0	0	0	0	0	0	0	0	0	0	0	0	0	0
640349at33208	1	1	0	0	1	1	0	1	0	100	1	0	1	1	0	100	1	0	1	100	1	1
641073at33208	0	0	0	0	0	0	0	0	0	0	0	0	0	0	0	0	0	0	0	0	1	1
641257at33208	1	1	0	1	1	1	1	100	1	100	100	0	1	1	1	100	1	1	1	100	1	0.01
642323at33208	1	1	0	1	1	1	100	100	100	100	100	1	100	100	0	100	100	1	100	100	1	100
642552at33208	0	0	0	0	0	0	0	0	0	0	0	0	0	0	0	0	1	0	0	0	0	0
642773at33208	0	0	0	0	0	0	0	100	1	1	1	0	1	1	0	1	1	0	1	1	1	1
643380at33208	1	1	0	0	1	1	1	100	1	1	100	0	1	1	0	1	1	1	1	1	1	1
643883at33208	0	1	0	0	1	0	1	100	100	100	100	1	1	1	0	100	1	1	1	100	1	1
643954at33208	0	0	0	0	0	0	0	0	0	0	0	0	0	0	0	0	0	0	0	0	0	0
644034at33208	1	1	0.01	0	1	1	1	100	100	1	100	1	1	1	0	100	100	1	1	100	1	1
648300at33208	0	0	0	0	0	0	0	0	0	0	0	0	0	0	0	0	0	0	0	0	1	0.01
649979at33208	1	1	1	0	1	1	0	1	1	1	1	1	1	1	1	0	1	1	1	100	0.01	0.01
